7306,100
7306,83
7306,95
7306,83
7605,70
7758,70
7915,100
7915,83
7915,95
8074,70
8231,100
8231,83
8231,83
8388,70
8541,100
8541,83
8541,83
8541,95
9131,100
9292,100
9446,100
9446,83
9446,83
9610,100
9761,100
9761,83
9761,95
9761,83
10060,70
10218,70
10375,100
10376,83
10376,70
10535,70
10692,100
10693,83
10693,83
10693,70
10845,70
11002,100
11002,83
11002,95
11002,95
11598,100
11756,100
11913,100
11913,83
11913,83
12072,100
12230,100
12230,83
12230,83
12230,95
12525,70
12682,70
12832,100
12832,83
12832,70
12985,70
13141,70
13141,100
13141,83
13141,83
13292,70
13442,100
13442,83
13442,83
13442,95
13742,70
13893,70
14044,100
14044,70
14044,83
14200,70
14354,70
14354,100
14354,83
14354,95
14514,70
14674,100
14674,83
14674,95
14674,83
14674,83
15853,90
16001,90
16150,90
16300,90
16451,90
16601,90
16752,90
16812,83
16853,83
16904,100
16904,90
16919,83
16996,83
17002,83
17046,83
17046,83
17046,83
17046,83
17046,83
17052,83
17053,83
17063,100
17114,83
17186,83
17220,100
17352,83
17372,100
17372,108
17514,83
17514,83
17537,100
17537,119
17664,83
17671,83
17696,100
17827,83
17848,100
17974,83
17979,83
17991,83
17991,83
17991,92
18012,100
18012,127
18152,83
18174,100
18187,83
18197,83
18255,83
18268,83
18303,83
18309,83
18309,83
18309,83
18315,83
18321,83
18321,67
18331,83
18342,100
18371,83
18397,83
18428,83
18490,83
18643,83
18663,100
18663,112
18795,83
18795,83
18795,97
18816,127
18948,83
18955,83
18975,100
19108,83
19108,73
19264,83
19264,83
19264,99
19285,105
19430,83
19456,83
19456,83
19493,83
19554,83
19576,83
19583,83
19583,83
19583,83
19589,83
19596,83
19596,84
19602,83
19602,83
19621,84
19660,83
19691,83
19772,83
19794,100
19794,127
19933,83
19933,66
19953,100
20089,83
20089,83
20089,108
20111,100
20111,105
20250,83
20256,83
20277,100
20411,83
20411,68
20433,100
20553,83
20559,83
20571,83
20571,83
20571,83
20592,100
20592,115
20735,83
20735,83
20760,100
20776,83
20792,83
20854,83
20889,83
20896,83
20896,83
20896,83
20902,83
20902,83
20908,83
20909,88
20930,100
20936,83
20970,83
20992,83
21068,83
21090,119
21220,83
21240,100
21240,108
21376,83
21376,83
21376,99
21531,83
21537,83
21557,100
21691,83
21853,83
21853,83
21853,102
22026,83
22058,83
22082,83
22143,83
22166,83
22179,83
22185,83
22185,83
22185,83
22191,83
22197,83
22197,97
22217,108
22223,83
22235,83
22299,83
22359,83
22383,100
22383,127
22521,83
22543,100
22666,83
22673,83
22684,83
22684,83
22684,119
22705,100
22705,99
22840,83
22846,83
22868,100
23002,83
23027,127
23159,83
23164,83
23176,83
23177,83
23177,97
23201,100
23201,127
23342,83
23349,83
23354,83
23413,83
23419,83
23488,83
23488,83
23494,83
23494,83
23494,83
23494,83
23501,83
23507,83
23530,78
23570,83
23614,83
23670,83
23695,127
23837,83
23837,97
23982,83
23988,83
24000,83
24001,83
24021,100
24021,127
24161,83
24168,83
24192,100
24323,83
24346,127
24473,83
24479,83
24490,83
24491,83
24491,90
24513,100
24513,127
24633,83
24665,83
24671,83
24717,83
24750,83
24807,83
24813,83
24813,83
24813,83
24820,83
24820,83
24825,83
24825,83
24825,112
24850,102
24887,83
24934,83
24992,83
24992,77
25017,124
25159,83
25300,83
25307,83
25318,83
25319,83
25319,78
25342,100
25479,83
25485,83
25509,100
25509,74
25651,83
25672,92
25793,83
25799,83
25811,83
25811,83
25811,99
25836,100
25836,127
25977,83
25997,100
26117,83
26124,83
26124,83
26124,83
26130,83
26137,83
26137,79
26161,100
26304,83
26328,100
26328,94
26328,127
26474,83
26474,92
26494,102
26622,83
26628,83
26639,83
26639,83
26639,99
26662,100
26662,100
26662,127
26800,83
26806,83
26829,100
26829,100
26964,83
26988,119
27113,83
27119,83
27131,83
27131,83
27131,92
27153,100
27153,100
27153,127
27296,83
27321,83
27347,83
27414,83
27414,83
27447,83
27454,83
27454,83
27454,83
27460,83
27465,83
27478,83
27484,83
27541,83
27579,83
27631,83
27655,127
27792,83
27792,99
27815,100
27953,83
27953,83
27976,115
28107,83
28113,83
28134,100
28134,84
28267,83
28288,100
28288,127
28410,83
28416,83
28429,83
28429,83
28429,94
28450,100
28450,127
28593,83
28617,100
28617,65
28641,83
28660,83
28694,83
28728,83
28751,83
28757,83
28757,83
28757,83
28763,83
28768,83
28793,100
28793,105
28800,83
28817,83
28855,83
28884,83
28935,83
28957,127
29091,83
29091,90
29112,100
29252,83
29252,83
29252,97
29277,127
29419,83
29426,83
29446,100
29580,83
29603,108
29749,83
29749,83
29749,115
29770,127
29910,83
29910,83
29921,83
29931,86
29990,83
29990,83
30054,83
30061,83
30061,83
30061,83
30061,83
30067,83
30072,83
30072,66
30078,83
30096,102
30131,83
30188,83
30239,83
30264,119
30405,83
30405,102
30430,100
30564,83
30564,83
30564,97
30586,119
30722,83
30728,83
30750,100
30750,127
30884,83
30885,77
30907,127
31033,83
31039,83
31050,83
31051,83
31074,127
31222,83
31242,100
31242,127
31284,83
31291,83
31324,83
31356,83
31374,83
31380,83
31380,83
31380,83
31387,83
31392,83
31392,115
31417,100
31417,105
31435,83
31441,83
31473,83
31518,83
31569,83
31592,100
31592,86
31732,83
31732,86
31752,100
31753,112
31892,83
31892,83
31892,84
31917,100
32053,83
32060,83
32084,100
32220,83
32243,127
32383,83
32383,83
32383,124
32408,127
32528,83
32553,83
32578,119
32619,83
32632,83
32682,83
32699,83
32699,83
32705,83
32705,83
32705,83
32711,83
32717,83
32717,94
32741,102
32760,83
32771,83
32825,83
32887,83
32912,119
33049,83
33073,102
33195,83
33202,83
33213,83
33213,83
33213,97
33238,100
33238,127
33376,83
33382,83
33382,84
33407,100
33407,92
33546,83
33547,73
33567,119
33691,83
33697,83
33710,83
33710,83
33710,108
33732,100
33732,127
33885,83
33903,83
33910,127
33915,83
33965,83
33994,83
34039,83
34045,83
34045,83
34045,83
34045,83
34052,83
34058,83
34070,83
34082,112
34109,83
34152,83
34223,83
34248,127
34385,83
34525,83
34532,83
34543,83
34544,83
34567,100
34567,119
34707,83
34713,83
34713,99
34736,100
34736,83
34877,83
34901,100
34901,115
35022,83
35028,83
35039,83
35040,83
35040,115
35062,100
35062,102
35150,83
35212,83
35261,83
35268,83
35346,83
35352,83
35362,83
35369,83
35369,83
35369,83
35375,83
35381,83
35382,97
35394,83
35400,83
35407,102
35452,83
35546,83
35699,83
35720,108
35844,83
35851,83
35863,83
35863,83
35863,69
35886,112
36017,83
36017,83
36022,83
36028,83
36053,100
36053,77
36195,83
36215,124
36338,83
36344,83
36345,83
36345,83
36357,83
36357,115
36381,100
36382,127
36522,83
36546,100
36672,83
36672,83
36683,83
36683,94
36705,100
36705,108
36862,127
36984,83
36984,83
36996,81
37019,100
37019,105
37176,100
37176,90
37297,83
37297,83
37308,94
37333,100
37333,127
37608,83
37608,83
37618,83
37642,100
37642,127
37927,83
37933,83
37933,83
37933,83
37939,83
37946,83
37969,100
37969,83
37969,95
37969,83
37969,108
38258,83
38258,86
38283,70
38419,83
38419,83
38419,77
38444,70
38444,102
38578,83
38584,83
38605,100
38605,100
38605,83
38605,95
38755,83
38778,70
38778,105
38924,83
38924,83
38924,124
38945,100
38945,83
38945,83
38945,127
39089,83
39112,70
39229,83
39235,83
39236,83
39236,83
39242,83
39248,83
39248,92
39273,100
39273,100
39273,83
39273,83
39273,95
39273,127
39413,83
39572,83
39597,100
39731,83
39731,83
39731,105
39755,100
39755,127
39890,83
39896,83
39921,100
40065,83
40089,100
40090,100
40090,112
40233,83
40233,83
40233,108
40258,100
40258,100
40258,83
40258,83
40258,127
40399,83
40424,100
40424,100
40543,83
40549,83
40549,83
40549,83
40555,83
40562,83
40562,105
40583,100
40583,100
40583,83
40583,95
40583,83
40583,127
40726,83
40883,83
40883,112
40904,100
40904,70
41050,83
41050,83
41050,92
41074,70
41074,127
41209,83
41216,83
41236,100
41236,100
41236,83
41236,70
41378,83
41402,70
41402,127
41548,83
41548,83
41548,105
41568,100
41568,100
41568,83
41568,83
41568,70
41568,127
41713,83
41736,100
41736,70
41854,83
41861,83
41861,83
41861,83
41867,83
41873,83
41874,105
41897,100
41897,100
41897,83
41897,95
41897,95
41897,127
42040,83
42064,100
42194,83
42214,100
42214,81
42354,83
42354,83
42354,94
42378,100
42378,127
42510,83
42515,83
42515,94
42538,100
42672,83
42694,100
42694,100
42694,119
42835,83
42835,83
42835,102
42856,100
42856,100
42856,83
42856,83
42856,127
43006,83
43031,100
43153,83
43160,83
43160,83
43160,83
43166,83
43172,83
43173,102
43197,100
43197,83
43197,83
43197,95
43340,83
43498,83
43498,88
43523,100
43523,70
43523,86
43668,83
43668,83
43691,100
43691,70
43691,127
43832,83
43838,83
43838,67
43859,100
43859,100
43859,83
43859,70
44001,83
44025,70
44160,83
44160,83
44160,112
44185,100
44185,70
44185,100
44185,83
44185,83
44185,124
44334,83
44357,70
44478,83
44484,83
44484,83
44484,83
44491,83
44497,83
44497,94
44520,100
44520,83
44520,83
44520,95
44520,115
44668,83
44824,83
44844,100
44844,70
44988,83
44988,83
44988,86
45012,70
45012,127
45033,100
45146,83
45152,83
45152,105
45172,100
45172,70
45172,83
45313,83
45338,70
45338,108
45481,83
45481,83
45481,127
45505,100
45505,70
45505,100
45506,83
45506,95
45506,127
45653,83
45674,70
45799,83
45805,83
45805,83
45805,83
45812,83
45817,83
45817,105
45841,100
45841,83
45841,95
45841,83
45841,83
45841,99
45991,83
46148,83
46148,86
46173,100
46173,97
46309,83
46309,83
46309,90
46332,100
46332,127
46459,83
46459,83
46465,83
46472,83
46492,100
46717,100
46760,83
46766,83
46766,83
46766,83
46779,83
46779,83
46779,112
46800,119
46960,100
47077,83
47084,83
47084,83
47084,83
47090,83
47116,100
47117,90
47117,105
47278,90
47354,100
47398,83
47404,83
47404,83
47404,83
47435,90
47590,100
47590,90
47590,127
47715,83
47720,83
47720,83
47720,83
47726,83
47752,100
47752,90
47907,90
48029,83
48029,83
48063,100
48063,90
48063,127
48214,90
48331,83
48331,83
48337,83
48337,83
48337,83
48337,83
48343,83
48350,83
48350,83
48350,83
48350,83
48350,119
48377,83
48377,83
48377,83
48661,83
48671,83
48671,71
48684,100
48822,83
48822,83
48822,83
48828,83
48828,83
48834,83
48834,83
48834,83
48840,83
48840,71
48852,119
48993,83
48999,83
49022,100
49156,83
49166,83
49166,71
49319,83
49320,83
49320,97
49332,83
49332,71
49343,127
49485,83
49630,83
49630,83
49636,83
49642,83
49642,105
49666,70
49713,100
49808,83
49808,66
49832,127
49924,100
49975,83
49985,83
49985,71
50103,100
50134,83
50134,83
50134,81
50147,83
50147,71
50159,115
50292,83
50299,83
50299,119
50319,100
50319,127
50459,83
50470,83
50470,71
50482,127
50539,100
50624,83
50625,83
50625,102
50637,83
50637,71
50649,127
50766,100
50798,83
50823,127
50944,83
50944,83
50950,83
50951,83
50951,83
50951,83
50957,83
50957,83
50962,83
50962,83
50962,83
50962,83
50962,83
50962,83
50987,100
50987,124
51121,83
51272,83
51284,83
51284,71
51295,100
51295,127
51422,83
51422,83
51422,83
51429,83
51435,83
51435,83
51435,97
51441,83
51447,83
51447,83
51447,71
51459,127
51604,83
51611,83
51611,99
51623,83
51623,71
51773,83
51786,83
51786,71
51797,127
51878,100
51936,83
51936,83
51936,108
51946,83
51946,71
51959,127
52070,100
52107,83
52263,83
52263,83
52269,83
52275,83
52275,105
52298,100
52298,112
52431,83
52442,83
52442,71
52454,127
52509,100
52595,83
52614,75
52614,90
52620,75
52726,100
52758,83
52758,83
52758,105
52771,83
52771,71
52776,85
52782,127
52916,83
52922,83
52923,88
52941,75
52941,90
52948,100
52948,127
53090,83
53101,83
53101,71
53107,75
53250,83
53250,83
53250,119
53261,83
53261,71
53267,65
53273,100
53273,127
53411,83
53561,83
53561,83
53568,83
53568,83
53568,83
53568,83
53574,83
53574,83
53574,83
53574,83
53574,83
53574,83
53574,83
53581,83
53581,99
53606,99
53752,83
53908,83
53919,83
53919,71
53929,100
54069,83
54069,83
54075,83
54076,83
54076,83
54076,79
54086,83
54086,71
54096,127
54121,83
54121,83
54133,83
54246,83
54253,83
54253,84
54278,100
54278,79
54414,83
54426,83
54426,71
54437,127
54577,83
54577,83
54577,90
54587,83
54587,71
54599,127
54738,83
54888,83
54888,83
54894,83
54901,83
54901,127
54924,127
54965,100
55065,83
55078,83
55078,71
55089,127
55189,100
55239,83
55360,100
55390,83
55390,83
55402,83
55403,71
55415,127
55550,83
55557,83
55581,100
55581,119
55720,83
55720,94
55732,83
55732,71
55744,108
55801,100
55887,83
55887,83
55887,112
55899,83
55900,71
55905,90
55911,127
56025,100
56058,83
56201,83
56201,83
56202,83
56202,83
56202,83
56208,83
56208,83
56208,83
56208,83
56208,83
56208,83
56208,83
56214,83
56221,83
56221,112
56242,100
56242,115
56382,83
56402,127
56538,83
56538,102
56550,83
56550,71
56562,100
56693,83
56693,83
56693,83
56693,83
56699,83
56700,83
56700,83
56700,83
56700,79
56721,127
56860,83
56866,83
57022,83
57034,83
57035,71
57045,124
57127,100
57185,83
57185,83
57185,88
57197,83
57197,71
57209,127
57319,100
57355,83
57505,83
57505,83
57511,83
57511,83
57512,83
57512,83
57518,83
57524,83
57524,127
57548,100
57689,83
57702,83
57702,71
57712,127
57766,100
57852,83
57853,75
57871,75
57871,90
57982,100
58013,83
58013,83
58013,97
58023,83
58024,71
58030,85
58036,127
58180,83
58186,83
58197,83
58197,71
58202,75
58203,90
58209,100
58209,127
58347,83
58348,83
58358,83
58358,71
58364,65
58370,127
58513,83
58513,83
58513,105
58525,83
58525,71
58530,80
58535,100
58535,127
58675,83
58698,127
58825,83
58825,83
58825,83
58825,83
58825,83
58831,83
58831,83
58831,83
58831,83
58831,83
58831,83
58831,83
58838,83
58838,83
58838,83
58838,83
58844,83
58844,124
58857,83
58857,71
58869,127
59008,83
59020,83
59020,71
59033,100
59173,83
59194,100
59334,83
59334,83
59340,83
59340,83
59340,83
59350,83
59350,71
59360,100
59361,83
59361,127
59373,83
59373,83
59511,83
59517,83
59517,72
59527,83
59528,71
59540,100
59678,83
59701,100
59701,127
59840,83
59840,83
59840,102
59852,83
59852,71
59862,100
59862,127
60002,83
60024,100
60146,83
60146,83
60152,83
60159,83
60159,105
60179,100
60319,83
60330,83
60330,71
60342,127
60484,83
60484,79
60497,83
60497,71
60645,83
60645,83
60657,83
60658,71
60670,100
60670,127
60813,83
60819,83
60819,92
60844,100
60844,127
60974,83
60986,83
60986,71
60998,100
60998,127
61138,83
61138,83
61138,105
61149,83
61149,71
61161,100
61161,127
61305,83
61328,100
61328,127
61456,83
61456,83
61462,83
61462,83
61462,83
61462,83
61468,83
61469,83
61469,83
61469,83
61469,83
61475,83
61475,83
61475,83
61475,94
61500,100
61500,102
61641,83
61653,83
61653,71
61750,100
61810,83
61810,90
61834,127
61957,83
61957,83
61957,83
61982,83
61982,83
61982,86
61995,83
61995,71
62001,83
62001,83
62001,83
62007,100
62007,127
62147,83
62153,83
62154,99
62166,83
62166,71
62315,83
62326,83
62326,71
62475,83
62475,83
62475,112
62485,83
62486,71
62498,94
62642,83
62668,100
62668,119
62792,83
62793,83
62799,83
62805,83
62818,83
62818,71
62830,100
62830,108
62976,83
62987,83
62987,71
62999,100
63137,83
63160,100
63295,83
63295,83
63295,108
63308,83
63308,71
63318,100
63318,119
63455,83
63461,83
63461,92
63472,83
63472,71
63484,100
63484,127
63622,83
63634,83
63634,71
63646,100
63785,83
63785,83
63785,108
63795,83
63796,71
63802,90
63808,100
63808,112
63947,83
63971,127
64090,83
64090,83
64096,83
64096,83
64096,83
64096,83
64096,83
64096,83
64096,83
64103,83
64103,83
64103,83
64103,83
64109,83
64109,108
64133,127
64274,83
64286,83
64286,71
64297,100
64297,84
64430,83
64430,105
64455,100
64598,83
64598,83
64598,83
64598,83
64598,83
64598,88
64603,83
64609,83
64609,83
64609,83
64609,71
64622,100
64622,127
64761,83
64768,83
64780,83
64780,71
64792,100
64932,83
64942,83
64942,71
64955,100
64955,119
65095,83
65095,83
65095,105
65107,83
65108,71
65120,100
65120,127
65266,83
65286,100
65416,83
65416,83
65423,83
65429,83
65450,100
65450,94
65591,83
65601,83
65601,71
65614,127
65750,83
65750,127
65771,100
65771,105
65908,83
65908,83
65908,81
65918,83
65918,71
65928,100
65929,127
66062,83
66068,83
66093,100
66093,127
66229,83
66242,83
66242,71
66252,100
66252,127
66385,83
66385,83
66385,127
66396,83
66396,71
66403,90
66409,100
66409,127
66547,83
66570,100
66690,83
66690,83
66697,83
66697,83
66697,83
66697,83
66703,83
66709,83
66720,83
66720,83
66720,83
66730,100
66731,119
66743,83
66743,83
66743,83
66871,83
66884,83
66884,71
66896,100
67031,83
67031,119
67054,100
67054,70
67188,83
67198,83
67198,83
67205,83
67205,83
67205,73
67211,83
67211,83
67211,83
67217,83
67217,71
67230,127
67367,83
67367,83
67372,83
67378,83
67389,83
67389,71
67539,83
67551,83
67551,71
67563,127
67689,83
67689,83
67702,83
67702,83
67702,127
67715,83
67715,71
67727,108
67874,83
67899,100
68017,83
68017,83
68023,83
68023,83
68023,83
68023,83
68034,83
68034,83
68058,100
68200,66
68212,83
68212,71
68224,100
68224,119
68358,83
68358,83
68368,83
68368,108
68381,83
68381,71
68387,75
68387,90
68393,100
68529,90
68541,83
68541,71
68547,85
68553,100
68683,83
68684,83
68696,83
68696,105
68709,83
68709,71
68715,75
68715,90
68721,100
68722,112
68860,112
68873,83
68873,71
68878,75
68884,100
69010,83
69010,83
69020,83
69020,127
69032,83
69032,71
69039,65
69044,100
69044,127
69183,83
69189,119
69215,100
69215,83
69267,83
69277,83
69334,83
69340,83
69340,83
69347,83
69347,83
69347,83
69347,83
69353,83
69353,83
69377,100
69377,127
69427,83
69535,100
69668,83
69668,115
69688,100
69828,83
69829,83
69829,86
69848,100
69848,127
69848,115
69989,83
69996,83
70020,100
70156,83
70178,100
70178,127
70307,83
70312,83
70325,83
70325,83
70325,115
70347,100
70347,127
70457,83
70492,83
70504,83
70515,100
70521,83
70604,83
70610,83
70647,83
70654,83
70654,83
70654,83
70660,83
70660,83
70660,83
70665,83
70665,115
70689,100
70689,124
70724,83
70837,83
70858,115
70998,83
71022,100
71022,83
71156,83
71156,83
71156,97
71176,127
71315,83
71322,83
71343,100
71476,83
71500,127
71646,83
71646,83
71646,115
71667,127
71784,83
71810,83
71867,83
71873,83
71928,83
71951,83
71951,83
71957,83
71957,83
71957,83
71964,83
71969,83
71969,108
71990,127
72000,83
72045,83
72131,83
72131,88
72151,100
72291,83
72312,100
72445,83
72445,83
72469,100
72469,127
72604,83
72610,83
72610,94
72635,100
72771,83
72793,100
72793,127
72920,83
72926,83
72938,83
72938,83
72938,99
72963,100
72963,127
73114,83
73137,100
73172,83
73172,83
73232,83
73254,83
73254,83
73261,83
73261,83
73261,83
73267,83
73272,83
73272,105
73297,100
73297,127
73322,83
73360,83
73382,83
73432,83
73584,83
73584,83
73605,100
73605,81
73746,83
73746,83
73746,86
73766,127
73900,83
73906,83
73931,100
74065,83
74090,127
74230,83
74230,83
74230,105
74255,127
74401,83
74424,83
74501,83
74535,83
74547,83
74553,83
74558,83
74558,83
74558,83
74564,83
74570,83
74570,68
74591,84
74631,83
74638,83
74657,83
74737,83
74760,100
74894,83
74919,100
75036,83
75042,83
75055,83
75055,83
75055,69
75067,83
75068,71
75080,100
75080,127
75216,83
75222,83
75222,94
75243,100
75383,83
75404,127
75520,83
75527,83
75540,83
75540,83
75540,90
75552,83
75552,71
75564,100
75564,127
75711,83
75744,83
75821,83
75822,83
75861,83
75861,83
75867,83
75868,83
75868,83
75874,83
75880,83
75880,69
75905,127
75911,83
75960,83
75985,83
76046,83
76046,92
76059,83
76059,71
76213,83
76351,83
76358,83
76370,83
76370,83
76370,79
76383,83
76383,71
76395,100
76396,124
76536,83
76543,83
76543,97
76555,83
76555,71
76568,100
76709,83
76730,127
76856,83
76863,83
76874,83
76875,83
76875,99
76887,83
76887,71
76898,100
76898,127
77058,83
77058,83
77089,83
77149,83
77166,83
77209,83
77215,83
77215,83
77215,83
77222,83
77227,83
77242,83
77249,127
77303,83
77316,83
77391,83
77404,83
77404,71
77550,83
77550,108
77699,83
77704,83
77716,83
77716,83
77717,69
77740,100
77740,127
77881,83
77888,83
77900,83
77900,71
77913,100
78054,83
78078,127
78201,83
78208,83
78220,83
78220,83
78220,112
78233,83
78233,71
78245,100
78245,127
78390,83
78415,100
78415,127
78536,83
78541,83
78541,83
78542,83
78547,83
78554,83
78578,100
78579,127
78726,83
78746,100
78882,83
78882,112
78904,127
79026,83
79032,83
79044,83
79044,83
79044,84
79064,100
79064,100
79200,83
79205,83
79230,100
79230,100
79230,127
79371,83
79517,83
79523,83
79535,83
79535,83
79535,115
79558,100
79558,100
79558,127
79699,83
79728,83
79735,83
79807,83
79824,83
79849,83
79855,83
79856,83
79856,83
79862,83
79868,83
79868,83
79880,83
79893,124
79905,83
79946,83
80039,83
80196,83
80196,127
80217,100
80351,83
80351,83
80374,127
80501,83
80507,83
80507,78
80532,100
80668,83
80691,100
80691,127
80819,83
80825,83
80838,83
80838,83
80838,105
80858,100
80858,127
81002,83
81025,100
81042,83
81088,83
81139,83
81139,83
81157,83
81164,83
81164,83
81164,83
81169,83
81176,83
81176,81
81201,100
81236,83
81259,83
81290,83
81353,83
81376,127
81516,83
81516,124
81540,100
81677,83
81677,83
81702,90
81838,83
81844,83
81844,75
81867,100
81867,92
82005,83
82027,124
82168,83
82168,83
82168,124
82193,127
82338,83
82371,83
82396,83
82446,83
82459,83
82490,83
82496,83
82502,83
82509,83
82529,115
82540,83
82569,83
82640,83
82673,83
82830,83
82830,88
82850,100
82850,102
82982,83
82982,83
83007,94
83147,83
83153,83
83153,78
83175,100
83314,83
83337,127
83465,83
83472,83
83483,83
83483,83
83483,124
83508,75
83653,83
83671,83
83678,100
83708,83
83740,83
83767,83
83810,83
83816,83
83816,83
83816,83
83823,83
83829,83
83848,83
83853,100
83853,83
83853,127
83892,83
83998,83
84023,100
84157,83
84157,105
84177,100
84314,83
84315,83
84338,100
84338,115
84484,83
84490,83
84512,100
84649,83
84808,83
84809,83
84809,124
84829,127
84977,83
84990,83
85014,83
85068,83
85093,83
85130,83
85136,83
85136,83
85136,83
85143,83
85149,83
85149,105
85171,83
85171,83
85171,68
85225,83
85314,83
85338,115
85477,83
85477,86
85498,127
85615,83
85621,83
85631,83
85631,83
85631,99
85642,83
85642,71
85654,100
85655,84
85799,83
85804,83
85829,100
85962,83
85962,66
86105,83
86111,83
86123,83
86123,83
86123,124
86136,83
86136,71
86148,100
86148,127
86300,83
86331,83
86350,83
86383,83
86424,83
86441,83
86454,83
86460,83
86460,83
86460,83
86466,83
86473,83
86473,77
86494,127
86506,83
86540,83
86640,83
86665,115
86804,83
86804,115
86816,83
86816,71
86952,83
86958,83
86969,83
86969,83
86969,74
86981,83
86981,71
86991,100
86992,124
87132,83
87138,83
87159,100
87297,83
87309,83
87309,71
87320,100
87320,124
87443,83
87449,83
87461,83
87461,83
87461,99
87473,83
87473,71
87486,100
87486,127
87627,83
87654,83
87682,83
87734,83
87734,83
87777,83
87783,83
87783,83
87783,83
87789,83
87795,83
87819,108
87826,83
87826,83
87879,83
88115,83
88115,108
88138,105
88262,83
88267,83
88278,83
88278,67
88303,92
88435,83
88435,83
88442,83
88447,83
88471,100
88472,127
88743,83
88743,83
88756,83
88756,102
88779,100
88779,108
88940,100
88940,79
89064,83
89064,83
89094,100
89094,127
89373,83
89373,83
89408,100
89408,119
89566,100
89566,84
89692,83
89693,83
89726,100
89726,102
90010,83
90010,83
90040,100
90315,83
90321,83
90321,83
90321,83
90326,83
90331,83
90352,100
90352,83
90352,95
90352,83
90352,127
90640,83
90640,81
90661,70
90662,112
90792,83
90793,83
90804,83
90804,71
90814,70
90814,112
90942,83
90948,83
90972,100
90972,100
90972,83
90972,95
91102,83
91115,83
91115,71
91125,70
91125,127
91258,83
91258,83
91258,102
91269,83
91269,71
91282,100
91282,83
91282,83
91282,127
91423,83
91447,70
91570,83
91575,83
91575,83
91575,83
91581,83
91586,83
91611,100
91611,100
91611,83
91611,83
91611,95
91611,127
91745,83
91901,83
91901,92
91921,100
92055,83
92055,83
92067,83
92067,71
92079,100
92079,115
92215,83
92221,83
92243,100
92383,83
92393,83
92393,71
92405,100
92405,100
92405,127
92540,83
92540,83
92540,99
92553,83
92553,71
92563,100
92563,100
92563,83
92563,83
92563,127
92699,83
92723,100
92723,100
92843,83
92848,83
92855,83
92860,83
92885,100
92885,100
92885,83
92885,95
92885,83
92885,127
93026,83
93179,83
93179,79
93201,100
93201,70
93201,97
93339,83
93339,83
93351,83
93351,71
93362,70
93363,127
93506,83
93512,83
93536,100
93536,100
93536,83
93537,70
93676,83
93688,83
93688,71
93701,70
93701,127
93842,83
93843,83
93843,99
93853,83
93853,71
93863,100
93863,100
93863,83
93863,83
93863,70
93863,127
94010,83
94030,100
94030,70
94030,127
94159,83
94164,83
94164,83
94164,83
94170,83
94176,83
94196,100
94196,100
94197,83
94197,95
94197,95
94197,74
94338,83
94361,100
94361,127
94500,83
94501,79
94521,100
94661,83
94661,83
94661,65
94672,83
94672,71
94682,100
94682,127
94813,83
94819,83
94839,100
94973,83
94983,83
94983,71
94995,100
94996,100
94996,127
95145,83
95145,83
95145,90
95156,83
95157,71
95169,100
95169,100
95169,83
95169,83
95169,127
95306,83
95331,100
95331,124
95449,83
95456,83
95456,83
95456,83
95462,83
95467,83
95490,100
95490,83
95490,83
95490,95
95490,97
95631,83
95652,115
95790,83
95800,83
95800,71
95813,100
95813,70
95813,127
95950,83
95950,83
95950,77
95962,83
95962,71
95975,100
95975,70
95975,127
96115,83
96122,83
96142,100
96142,100
96142,83
96142,70
96282,83
96283,65
96294,83
96294,71
96306,70
96306,127
96446,83
96446,83
96446,81
96458,83
96458,71
96469,100
96470,70
96470,100
96470,83
96470,83
96470,127
96610,83
96634,70
96634,102
96761,83
96767,83
96767,83
96767,83
96774,83
96780,83
96780,74
96801,100
96801,83
96801,83
96801,95
96940,83
96961,127
97099,83
97099,70
97119,100
97119,70
97119,97
97261,83
97261,83
97261,72
97272,83
97272,71
97285,70
97285,119
97305,100
97422,83
97428,83
97453,100
97453,70
97453,83
97453,127
97587,83
97607,70
97607,127
97748,83
97748,83
97748,86
97760,83
97760,71
97772,100
97772,70
97772,100
97772,83
97772,95
97772,127
97919,83
97944,70
97944,127
98064,83
98071,83
98071,83
98071,83
98077,83
98083,83
98104,100
98104,83
98104,95
98104,83
98104,83
98105,94
98248,83
98406,83
98406,90
98426,100
98426,97
98559,83
98559,83
98569,83
98569,71
98581,100
98581,127
98716,83
98722,83
98733,83
98733,71
98744,100
98873,83
98898,90
98975,100
99036,83
99036,83
99049,83
99049,71
99059,127
99209,83
99233,100
99350,83
99356,83
99356,83
99356,83
99361,83
99368,83
99368,74
99392,100
99392,90
99552,90
99552,127
99635,100
99692,83
99692,94
99702,83
99702,71
99712,90
99848,83
99860,83
99860,71
99872,100
99872,90
99872,105
100010,83
100016,83
100016,92
100036,100
100036,90
100036,127
100171,92
100193,90
100329,83
100329,83
100329,97
100341,83
100341,71
100352,100
100352,90
100488,94
100511,90
100632,83
100638,83
100645,83
100651,83
100671,100
100671,83
100671,95
100671,83
100671,127
100962,83
100962,66
100982,70
100982,94
101119,83
101119,83
101130,83
101130,71
101143,70
101143,127
101292,83
101298,83
101319,100
101319,83
101319,95
101457,83
101467,83
101467,71
101480,100
101480,70
101480,124
101627,83
101627,83
101627,99
101638,83
101638,71
101648,100
101648,100
101648,83
101648,83
101648,127
101795,83
101816,100
101816,70
101942,83
101949,83
101949,83
101949,83
101955,83
101961,83
101961,78
101983,100
101983,100
101984,83
101984,83
101984,95
101984,102
102118,83
102276,83
102286,83
102286,71
102299,100
102299,99
102436,83
102436,83
102436,73
102460,100
102460,127
102587,83
102593,83
102617,100
102754,83
102767,83
102767,71
102777,100
102912,83
102912,83
102912,94
102925,83
102925,71
102935,100
102935,83
102935,83
102935,127
103076,83
103098,100
103098,100
103220,83
103227,83
103227,83
103227,83
103232,83
103237,83
103237,88
103262,100
103262,100
103262,83
103262,95
103262,83
103262,112
103394,83
103548,83
103570,100
103570,70
103570,94
103712,83
103712,83
103712,75
103722,83
103722,71
103734,70
103734,127
103869,83
103874,83
103896,100
103896,100
103896,83
103896,70
103896,94
104037,83
104047,83
104047,71
104057,70
104057,127
104194,83
104194,83
104195,94
104205,83
104205,71
104215,100
104215,100
104215,83
104215,83
104215,70
104215,127
104357,83
104377,100
104377,70
104496,83
104501,83
104501,83
104501,83
104507,83
104513,83
104513,83
104538,100
104538,100
104538,83
104538,95
104538,95
104538,97
104684,83
104706,100
104706,115
104839,83
104839,105
104861,100
104995,83
104995,83
104995,90
105007,83
105007,71
105018,100
105018,127
105147,83
105153,83
105177,100
105308,83
105320,83
105320,71
105333,100
105333,100
105333,119
105482,83
105482,83
105482,90
105492,83
105492,71
105502,100
105502,100
105502,83
105502,83
105502,127
105655,83
105675,100
105802,83
105808,83
105809,83
105809,83
105815,83
105821,83
105821,67
105843,100
105844,83
105844,83
105844,95
105844,127
105986,83
106137,83
106137,105
106157,100
106157,70
106157,79
106296,83
106296,83
106306,83
106306,71
106317,100
106317,70
106317,127
106453,83
106459,83
106484,100
106484,100
106484,83
106484,70
106622,83
106635,83
106635,71
106647,70
106647,69
106784,83
106784,83
106784,102
106794,83
106795,71
106807,100
106807,70
106807,100
106807,83
106807,83
106807,127
106951,83
106975,70
107091,83
107098,83
107098,83
107098,83
107103,83
107110,83
107131,100
107132,83
107132,83
107132,95
107132,99
107265,83
107418,83
107418,105
107440,100
107440,70
107440,112
107580,83
107580,83
107580,88
107592,83
107592,71
107605,70
107605,127
107630,100
107747,83
107752,83
107776,100
107776,70
107776,83
107914,83
107914,69
107925,83
107925,71
107937,70
107937,127
108073,83
108074,83
108074,105
108086,83
108086,71
108097,100
108097,70
108098,100
108098,83
108098,95
108098,127
108232,83
108257,70
108385,83
108391,83
108391,83
108391,83
108397,83
108402,83
108427,100
108427,83
108427,95
108427,83
108427,83
108427,115
108565,83
108722,83
108722,92
108734,83
108734,71
108746,100
108746,108
108884,83
108884,83
108896,83
108896,71
108906,100
108906,127
109044,83
109050,83
109050,68
109074,100
109074,105
109220,83
109220,71
109313,100
109356,83
109363,83
109375,83
109375,83
109375,119
109385,83
109386,71
109398,108
109560,100
109678,83
109685,83
109685,83
109685,83
109719,100
109719,90
109719,124
109870,90
109954,100
109997,83
110003,83
110003,83
110003,83
110037,90
110037,124
110197,100
110197,90
110198,102
110316,83
110321,83
110321,83
110321,83
110352,100
110352,90
110505,90
110505,105
110627,83
110627,83
110657,100
110657,90
110657,127
110816,90
110816,115
110916,83
110916,83
110923,83
110923,83
110929,83
110929,83
110936,83
110936,83
110941,83
110941,83
110941,83
110941,83
110947,83
110954,83
110966,83
110966,71
110979,127
111289,100
111389,83
111389,83
111389,83
111445,83
111445,83
111445,83
111615,100
112183,83
112183,83
112218,100
112387,83
112387,83
112418,100
112585,83
112585,83
112618,100
112788,83
112788,83
112822,100
112989,83
112989,83
113022,100
113192,83
113192,83
113223,100
113390,83
113390,83
113396,83
113396,83
113396,83
113396,83
113401,83
113401,83
113401,83
113402,83
113407,83
113430,100
113430,127
113446,83
113446,83
113446,83
113720,83
113720,119
113730,83
113730,71
113742,94
113842,83
113842,83
113859,83
113880,83
113880,83
113880,83
113880,83
113880,70
113887,83
113893,83
113893,71
113906,100
113906,84
114054,83
114061,83
114215,83
114228,83
114228,71
114240,112
114372,83
114372,83
114372,105
114382,83
114382,71
114392,100
114392,127
114525,83
114674,83
114675,83
114681,83
114687,83
114709,100
114709,108
114851,83
114852,94
114864,83
114864,71
114874,127
115014,83
115014,108
115032,75
115032,90
115038,100
115168,83
115168,83
115168,92
115181,83
115181,71
115187,85
115193,100
115193,127
115328,83
115335,83
115351,75
115351,90
115492,83
115502,83
115502,71
115509,75
115515,127
115652,83
115652,83
115652,99
115662,83
115663,71
115669,65
115675,100
115675,127
115813,83
115836,100
115953,83
115953,83
115953,83
115953,83
115953,83
115959,83
115960,83
115960,83
115960,83
115960,83
115960,83
115960,83
115966,83
115966,83
115966,83
115966,83
115972,83
116130,83
116143,83
116143,71
116154,81
116294,83
116294,119
116314,100
116314,127
116445,83
116445,83
116445,83
116452,83
116452,83
116458,83
116458,83
116458,83
116464,83
116465,71
116477,115
116621,83
116627,83
116638,83
116638,71
116649,100
116649,112
116789,83
116789,69
116799,83
116799,71
116811,124
116952,83
116952,83
116952,108
116965,83
116965,71
116977,127
117119,83
117269,83
117269,83
117274,83
117281,83
117305,100
117306,102
117442,83
117454,83
117454,71
117467,127
117524,100
117607,83
117607,127
117735,100
117768,83
117768,83
117768,67
117781,83
117781,71
117791,105
117935,83
117942,83
117952,83
117952,71
117964,100
118102,83
118115,83
118115,71
118125,124
118188,100
118271,83
118271,83
118271,127
118283,83
118283,71
118290,90
118295,127
118401,100
118437,83
118579,83
118579,83
118584,83
118584,83
118584,83
118584,83
118589,83
118589,83
118589,83
118589,83
118589,83
118589,83
118589,83
118594,83
118615,100
118615,119
118761,83
118771,83
118771,71
118918,83
118918,105
118941,127
119081,83
119082,83
119082,83
119082,74
119088,83
119088,83
119088,83
119088,83
119088,83
119094,83
119095,71
119105,100
119105,127
119252,83
119259,83
119412,83
119412,72
119423,83
119423,71
119433,127
119578,83
119578,83
119579,119
119590,83
119590,71
119602,100
119602,127
119746,83
119768,100
119891,83
119891,83
119897,83
119897,83
119897,83
119897,83
119903,83
119910,83
119910,92
119922,83
119922,71
119935,100
119935,86
120074,83
120087,83
120087,71
120098,100
120098,124
120238,83
120238,81
120256,75
120257,90
120263,100
120399,83
120400,83
120400,69
120412,83
120412,71
120418,85
120425,100
120425,115
120566,83
120572,83
120572,112
120583,83
120583,71
120588,75
120588,90
120737,83
120738,92
120749,83
120749,71
120756,75
120904,83
120904,83
120904,119
120916,83
120917,71
120922,65
120928,100
120928,127
121073,83
121073,94
121084,83
121084,71
121096,100
121218,83
121218,83
121218,83
121224,83
121224,83
121224,83
121224,83
121224,83
121231,83
121231,83
121231,83
121231,83
121237,83
121237,83
121237,83
121237,83
121244,83
121401,83
121411,83
121412,71
121424,100
121424,97
121562,83
121562,112
121585,127
121702,83
121702,83
121702,83
121719,83
121719,83
121719,83
121729,83
121729,83
121740,83
121740,71
121752,100
121752,99
121892,83
121899,83
121919,100
122054,83
122067,83
122067,71
122217,83
122217,83
122217,94
122229,83
122229,71
122242,127
122391,83
122414,100
122414,72
122545,83
122545,83
122551,83
122558,83
122581,100
122581,105
122721,83
122732,83
122732,71
122744,127
122888,83
122888,108
122913,100
123049,83
123049,83
123049,67
123059,83
123059,71
123072,112
123072,119
123212,83
123219,83
123239,100
123377,83
123400,100
123400,119
123541,83
123541,83
123541,112
123557,90
123563,100
123563,127
123701,83
123842,83
123842,83
123847,83
123847,83
123847,83
123847,83
123854,83
123854,83
123854,83
123854,83
123860,83
123860,83
123860,83
123860,83
123880,127
124018,83
124018,79
124031,83
124031,71
124043,100
124181,83
124181,84
124205,127
124319,83
124319,83
124319,83
124342,83
124342,83
124342,83
124353,83
124353,83
124365,83
124365,71
124376,100
124376,108
124517,83
124523,83
124523,86
124536,83
124536,71
124548,100
124687,83
124687,81
124699,83
124699,71
124710,94
124850,83
124850,83
124850,119
124860,83
124860,71
124871,127
125020,83
125044,100
125170,83
125170,83
125177,83
125183,83
125195,83
125195,71
125205,100
125205,119
125345,83
125357,83
125357,71
125368,100
125506,83
125506,102
125529,100
125529,127
125670,83
125670,83
125670,70
125680,83
125681,71
125835,83
125842,83
125862,100
125863,115
125998,83
126011,83
126011,71
126023,100
126162,83
126162,83
126162,119
126173,83
126173,71
126173,83
126173,71
126186,100
126186,119
126325,83
126472,83
126472,83
126472,83
126472,83
126472,83
126478,83
126478,83
126478,83
126478,83
126478,83
126478,83
126478,83
126483,83
126490,83
126515,79
126656,83
126666,83
126666,71
126676,100
126676,100
126815,83
126815,105
126838,124
126952,83
126952,83
126958,83
126983,83
126983,83
126983,90
126989,83
126989,83
126989,83
126996,83
126996,71
127007,100
127007,100
127007,127
127149,83
127156,83
127177,100
127177,100
127311,83
127321,83
127321,71
127333,100
127333,100
127467,83
127468,83
127468,105
127478,83
127478,71
127490,100
127490,100
127490,127
127634,83
127655,100
127655,100
127781,83
127781,83
127786,83
127792,83
127812,100
127812,100
127812,112
127951,83
127961,83
127962,71
128109,83
128109,112
128130,100
128130,100
128130,119
128267,83
128267,83
128267,90
128288,100
128288,100
128427,83
128433,83
128445,83
128446,71
128456,100
128456,100
128456,115
128594,83
128605,83
128605,71
128754,83
128754,83
128754,119
128764,83
128765,71
128771,90
128777,100
128777,127
128915,83
128938,100
129045,83
129045,83
129055,83
129065,83
129066,83
129066,83
129072,83
129072,83
129072,83
129072,83
129078,83
129078,83
129078,83
129083,83
129105,100
129105,115
129248,83
129261,83
129261,71
129272,100
129412,83
129412,124
129433,127
129546,83
129546,83
129547,83
129557,83
129557,83
129557,83
129583,83
129583,83
129583,88
129596,83
129596,71
129606,100
129607,127
129747,83
129754,83
129765,83
129765,71
129778,100
129914,83
129924,83
129924,71
129934,119
130074,83
130074,83
130074,112
130085,83
130085,71
130096,100
130096,127
130236,83
130385,83
130385,83
130392,83
130392,83
130392,83
130392,83
130398,83
130405,83
130427,100
130427,84
130570,83
130582,83
130582,71
130732,83
130732,69
130743,83
130743,71
130753,100
130887,83
130887,83
130898,83
130898,71
131044,83
131051,83
131061,83
131061,71
131071,100
131205,83
131205,73
131217,83
131217,71
131361,83
131361,83
131361,124
131371,83
131371,71
131383,127
131525,83
131662,83
131662,83
131669,83
131669,83
131669,83
131669,83
131675,83
131680,83
131706,83
131838,83
131996,83
131996,119
132021,124
132163,83
132163,83
132163,67
132188,100
132188,100
132188,100
132188,127
132324,83
132331,83
132491,83
132514,100
132515,100
132515,100
132648,83
132648,83
132648,124
132673,100
132673,100
132673,100
132673,127
132809,83
132959,83
132959,83
132966,83
132972,83
132972,83
132993,100
132993,100
132993,100
132993,97
133133,83
133291,83
133291,119
133316,100
133316,100
133316,100
133316,127
133453,83
133453,83
133604,83
133611,83
133763,83
133785,100
133785,100
133785,127
133925,83
133925,83
133925,127
133945,127
134085,83
134110,100
134110,100
134110,100
134110,127
134199,83
134235,83
134235,83
134242,83
134242,83
134242,83
134242,83
134248,83
134254,83
134409,83
134430,100
134430,100
134430,100
134430,127
134567,83
134567,115
134587,127
134721,83
134721,83
134721,90
134746,100
134746,100
134746,100
134746,119
134882,83
134888,83
135048,83
135072,100
135072,100
135072,100
135072,119
135211,83
135211,83
135211,127
135232,100
135232,100
135232,100
135232,127
135382,83
135405,112
135507,83
135532,83
135532,83
135538,83
135545,83
135566,100
135566,100
135566,100
135566,127
135714,83
135869,83
135869,112
135891,100
135892,100
135892,100
136033,83
136033,83
136057,127
136199,83
136205,83
136225,127
136225,127
136367,83
136392,100
136392,100
136392,100
136392,127
136525,83
136525,83
136525,83
136525,124
136550,127
136710,100
136710,100
136710,100
136710,127
136831,83
136831,83
136836,83
136836,83
136836,83
136836,83
136842,83
136849,83
137010,83
137030,100
137030,100
137030,100
137030,127
137030,127
137170,83
137171,119
137194,127
137329,83
137330,83
137354,100
137354,100
137354,100
137354,127
137488,83
137494,83
137654,83
137678,100
137678,100
137678,100
137678,127
137818,83
137818,83
137818,119
137839,100
137839,100
137839,100
137839,124
137984,83
138124,83
138130,83
138130,83
138136,83
138142,83
138163,100
138163,100
138163,100
138163,127
138313,83
138470,83
138470,119
138492,100
138492,100
138492,100
138492,127
138631,83
138631,83
138631,86
138656,124
138790,83
138796,83
138948,83
138973,100
138973,100
138973,112
139115,83
139116,83
139116,119
139140,127
139290,83
139310,100
139310,100
139310,100
139310,105
139433,83
139433,83
139433,83
139439,83
139440,83
139440,83
139440,83
139450,83
139610,83
139634,100
139634,100
139634,100
139634,127
139770,83
139770,108
139794,127
139934,83
139934,83
139934,66
139959,100
139959,100
139959,100
140100,83
140101,102
140259,83
140259,66
140283,100
140284,100
140284,100
140284,119
140419,83
140419,83
140419,102
140439,100
140439,100
140439,100
140439,127
140580,79
140720,83
140720,83
140727,83
140727,83
140727,83
140727,83
140733,83
140739,83
140739,119
140764,100
140764,100
140764,100
140897,83
140897,83
140909,94
140931,115
140931,127
141064,83
141064,83
141076,83
141076,119
141098,100
141098,100
141098,100
141098,74
141227,83
141227,83
141238,105
141263,127
141395,83
141395,83
141405,124
141430,127
141557,83
141557,83
141569,108
141590,100
141590,100
141590,100
141590,68
141590,127
141666,74
141718,83
141718,83
141729,124
141750,78
141750,127
141829,83
141879,83
141879,83
141890,127
141915,100
141915,100
141915,100
141915,83
141915,87
141915,127
141915,90
141997,93
142004,83
142040,83
142047,83
142047,83
142047,83
142053,83
142059,83
142060,92
142084,100
142084,100
142084,83
142084,95
142084,83
142084,83
142084,100
142084,127
142130,83
142251,100
142382,83
142382,105
142393,83
142393,71
142405,100
142405,70
142542,83
142542,83
142552,83
142552,71
142565,100
142565,70
142565,127
142709,83
142715,83
142736,100
142736,100
142736,83
142736,95
142876,83
142901,100
142901,70
142901,86
143032,83
143039,83
143050,83
143051,83
143051,102
143061,83
143061,71
143073,100
143073,100
143073,83
143073,83
143073,127
143220,83
143243,100
143244,70
143294,83
143350,83
143368,83
143374,83
143374,83
143374,83
143381,83
143387,83
143410,100
143410,100
143410,83
143410,83
143410,95
143461,83
143461,83
143544,83
143569,69
143710,83
143710,92
143735,100
143735,105
143872,83
143872,83
143872,79
143885,83
143885,71
143895,127
144031,83
144038,83
144062,100
144062,100
144204,83
144214,83
144214,71
144225,100
144225,127
144369,83
144369,83
144369,99
144380,83
144380,71
144390,100
144390,83
144390,83
144390,127
144537,83
144557,100
144570,83
144613,83
144682,83
144688,83
144688,83
144688,83
144688,83
144695,83
144701,83
144724,100
144724,83
144724,95
144724,83
144758,83
144865,83
144889,100
145028,83
145028,81
145048,100
145048,70
145048,112
145190,83
145190,83
145190,77
145200,83
145200,71
145213,100
145213,70
145349,83
145355,83
145355,68
145376,100
145376,100
145376,83
145376,70
145524,83
145536,83
145536,71
145549,100
145549,70
145549,119
145549,97
145691,83
145697,83
145710,83
145710,83
145710,127
145723,83
145723,71
145735,100
145735,100
145735,83
145735,83
145735,70
145735,127
145884,83
145884,83
145906,100
145906,70
145967,83
146042,83
146048,83
146048,83
146048,83
146048,83
146055,83
146061,83
146084,100
146084,100
146084,83
146085,95
146085,95
146085,127
146096,83
146234,83
146392,83
146392,119
146412,100
146412,92
146552,83
146552,83
146552,79
146564,83
146564,71
146577,127
146713,83
146719,83
146743,100
146743,100
146883,83
146895,83
146895,71
146908,100
146908,127
147054,83
147054,83
147054,119
147066,83
147067,71
147079,100
147079,83
147079,83
147079,127
147221,83
147237,83
147244,100
147276,83
147282,83
147288,83
147365,83
147371,83
147371,83
147371,83
147377,83
147383,83
147389,83
147405,100
147405,83
147405,83
147405,95
147415,83
147415,83
147572,100
147707,83
147707,94
147729,100
147729,70
147729,99
147855,83
147862,83
147873,83
147873,83
147873,81
147883,83
147883,71
147894,100
147894,70
147894,127
148029,83
148036,83
148056,100
148056,100
148056,83
148056,70
148200,83
148213,83
148213,71
148223,70
148224,124
148351,83
148357,83
148370,83
148370,83
148370,105
148383,83
148383,71
148395,100
148395,70
148395,100
148395,83
148395,83
148395,127
148550,83
148573,70
148603,83
148625,83
148658,83
148675,83
148699,83
148706,83
148706,83
148706,83
148712,83
148718,83
148742,100
148742,83
148742,83
148742,95
148742,127
148748,83
148769,83
148792,83
148886,83
149041,83
149041,97
149065,70
149066,108
149193,83
149199,83
149211,83
149211,83
149211,77
149223,83
149223,71
149236,100
149236,70
149236,124
149383,83
149389,83
149411,100
149411,100
149411,70
149411,83
149544,83
149556,83
149556,71
149569,70
149569,127
149699,83
149705,83
149717,83
149717,83
149717,112
149727,83
149728,71
149738,100
149738,70
149738,100
149738,83
149738,95
149738,127
149883,83
149888,83
149910,70
149941,83
149972,83
150004,83
150039,83
150045,83
150045,83
150045,83
150051,83
150052,83
150058,83
150063,83
150079,100
150079,83
150079,95
150079,83
150079,83
150079,127
150128,83
150222,83
150381,83
150381,112
150405,115
150523,83
150530,83
150540,83
150540,83
150553,83
150553,71
150563,100
150563,127
150698,83
150703,83
150724,100
150857,83
150870,83
150870,71
150881,127
150881,70
151008,83
151014,83
151026,83
151026,83
151026,124
151039,83
151039,71
151049,100
151049,127
151192,83
151215,100
151332,83
151338,83
151338,83
151338,83
151345,83
151350,83
151375,100
151375,90
151375,127
151533,100
151533,90
151667,83
151667,94
151692,90
151692,127
151817,83
151823,83
151833,83
151834,83
151844,83
151844,71
151856,100
151856,100
151856,90
151990,83
151996,83
152017,100
152017,100
152017,90
152017,127
152158,83
152169,83
152169,71
152182,90
152301,83
152308,83
152319,83
152319,124
152332,83
152332,71
152345,100
152345,100
152345,90
152345,127
152485,83
152506,90
152529,83
152596,83
152629,83
152635,83
152636,83
152636,83
152642,83
152648,83
152669,100
152669,83
152669,95
152669,83
152669,83
152669,112
152752,83
152813,83
152970,83
152970,99
152994,100
152995,70
152995,83
153137,83
153137,83
153137,68
153147,83
153147,71
153160,70
153160,127
153304,83
153310,83
153333,100
153333,100
153333,83
153333,95
153471,83
153481,83
153481,71
153494,100
153494,70
153494,127
153616,83
153621,83
153634,83
153634,83
153634,119
153647,83
153647,71
153660,100
153660,100
153660,83
153660,83
153660,115
153800,83
153822,100
153822,70
153847,83
153945,83
153952,83
153957,83
153957,83
153957,83
153964,83
153969,83
153990,100
153990,100
153990,83
153990,83
153990,95
154021,83
154056,83
154131,83
154288,83
154288,90
154313,100
154313,105
154451,83
154451,83
154451,72
154461,83
154461,71
154474,127
154616,83
154621,83
154642,100
154642,100
154785,83
154785,70
154797,83
154798,71
154808,100
154950,83
154950,83
154950,105
154963,83
154963,71
154975,100
154975,83
154975,83
154975,127
155125,83
155150,100
155163,83
155218,83
155276,83
155282,83
155282,83
155282,83
155289,83
155289,83
155294,83
155318,100
155318,83
155318,95
155318,83
155376,83
155461,83
155617,83
155617,108
155627,83
155627,71
155637,100
155637,70
155637,119
155785,83
155785,83
155795,83
155795,71
155808,70
155808,127
155946,83
155952,83
155977,100
155977,100
155977,83
155977,70
156122,83
156134,83
156134,71
156145,70
156279,83
156285,83
156297,83
156297,83
156297,102
156309,83
156309,71
156322,100
156322,83
156322,83
156322,70
156322,127
156439,83
156470,83
156495,100
156495,70
156523,83
156611,83
156629,83
156636,83
156636,83
156636,83
156642,83
156647,83
156668,100
156668,100
156668,83
156668,95
156668,95
156668,127
156673,83
156807,83
156829,100
156964,83
156964,102
156974,83
156974,71
156987,100
157124,83
157125,83
157137,83
157137,71
157148,100
157148,94
157281,83
157288,83
157310,100
157310,100
157442,83
157465,100
157612,83
157612,83
157612,99
157623,83
157623,71
157634,100
157634,83
157634,83
157776,83
157800,100
157817,83
157893,83
157927,83
157933,83
157933,83
157933,83
157939,83
157946,83
157966,100
157967,83
157967,83
157967,95
157967,127
157977,83
158033,83
158110,83
158268,83
158268,124
158278,83
158278,71
158290,70
158418,83
158424,83
158434,83
158435,83
158435,72
158445,83
158445,71
158456,100
158456,70
158456,127
158597,83
158603,83
158624,100
158624,100
158624,83
158624,70
158624,127
158767,83
158790,70
158790,124
158919,83
158925,83
158936,83
158936,83
158936,99
158946,83
158946,71
158959,100
158959,70
158959,100
158959,83
158959,83
158959,127
159112,83
159136,70
159197,83
159264,83
159269,83
159269,83
159269,83
159270,83
159275,83
159281,83
159303,100
159304,83
159304,83
159304,95
159304,127
159353,83
159407,83
159447,83
159600,83
159600,108
159613,83
159613,71
159625,70
159754,83
159761,83
159772,83
159772,83
159772,68
159782,83
159782,71
159794,100
159794,70
159794,127
159934,83
159940,83
159964,100
159964,100
159964,70
159965,83
160099,83
160122,100
160122,70
160122,127
160250,83
160256,83
160268,83
160268,83
160268,99
160278,83
160278,71
160289,100
160289,70
160289,100
160289,83
160290,95
160290,127
160433,83
160433,83
160456,70
160522,83
160584,83
160590,83
160590,83
160590,83
160597,83
160597,83
160603,83
160624,100
160624,83
160624,95
160624,83
160624,83
160624,127
160634,83
160767,83
160791,102
160791,105
160935,83
160935,74
160947,83
160947,71
160958,124
161082,83
161088,83
161101,83
161101,83
161113,83
161113,71
161125,127
161257,83
161257,83
161269,83
161292,100
161436,83
161436,71
161449,127
161569,83
161575,83
161575,83
161575,83
161586,83
161587,99
161611,100
161611,108
161775,100
161775,127
161903,83
161903,83
161938,100
161938,90
161938,108
162094,90
162094,119
162221,83
162221,83
162255,100
162255,90
162255,88
162414,100
162414,90
162414,127
162539,83
162539,83
162573,100
162573,90
162729,90
162851,83
162851,83
162881,100
162881,90
162881,127
163041,90
163158,83
163158,83
163164,83
163164,83
163164,83
163164,83
163170,83
163170,83
163170,83
163171,83
163177,83
163189,83
163189,71
163367,100
163367,100
163497,83
163640,83
163646,83
163646,83
163669,83
163692,100
163692,100
163692,127
163826,83
163849,100
163849,100
164140,83
164160,100
164160,100
164160,127
164317,100
164394,100
164468,100
164618,100
164618,100
164618,127
164770,100
164918,100
164918,100
164918,115
165070,100
165070,100
165070,127
165153,100
165230,100
165380,100
165380,100
165380,127
165653,83
165653,83
165660,83
165660,83
165660,83
165660,83
165666,83
165672,83
165678,83
165685,83
165685,83
165685,83
165685,71
165697,100
165697,100
165854,100
165854,100
166012,100
166012,100
166012,115
166128,83
166135,83
166135,83
166164,83
166164,71
166177,100
166177,100
166177,119
166333,100
166333,100
166623,83
166623,71
166636,100
166636,100
166636,127
166797,100
166797,100
166930,83
166951,100
166951,100
167099,83
167099,71
167109,115
167192,100
167252,83
167275,100
167275,100
167275,100
167420,83
167420,71
167433,100
167433,100
167433,112
167569,83
167593,100
167593,100
167593,124
167743,83
167743,71
167893,83
167904,83
167904,71
167916,100
167916,100
167916,124
168054,83
168194,83
168194,83
168200,83
168201,83
168201,83
168201,83
168207,83
168207,83
168207,83
168207,83
168212,83
168224,83
168225,71
168237,115
168272,83
168272,83
168272,83
168378,83
168384,83
168391,83
168391,71
168539,83
168539,127
168562,124
168672,83
168672,83
168672,83
168706,83
168706,83
168712,83
168712,83
168712,83
168712,73
168723,83
168723,71
168735,83
168735,124
168869,83
168875,83
168888,83
168888,71
168923,83
169037,83
169037,67
169061,127
169197,83
169197,83
169197,119
169207,83
169207,71
169219,127
169357,83
169500,83
169500,83
169506,83
169512,83
169517,83
169524,83
169524,71
169598,80
169675,83
169681,77
169688,83
169688,71
169699,97
169766,75
169839,83
169839,124
169845,72
169932,69
170002,83
170002,83
170009,66
170015,83
170015,71
170026,127
170166,83
170172,83
170184,83
170184,71
170196,127
170340,83
170353,83
170353,71
170366,127
170506,83
170506,83
170506,119
170518,83
170518,71
170530,127
170667,83
170810,83
170810,83
170817,83
170817,83
170817,83
170817,83
170823,83
170823,83
170823,83
170823,83
170823,83
170823,83
170823,83
170830,83
171002,83
171008,83
171014,83
171014,71
171027,127
171167,83
171167,99
171301,83
171301,83
171301,83
171301,83
171308,83
171308,83
171336,83
171336,83
171336,67
171348,83
171348,71
171359,83
171359,127
171503,83
171509,83
171519,83
171520,71
171530,66
171536,83
171663,83
171676,83
171676,71
171822,83
171822,83
171822,115
171834,83
171834,71
171847,127
171991,83
172014,127
172137,83
172138,83
172144,83
172144,83
172144,83
172144,83
172150,83
172156,83
172167,83
172167,71
172307,83
172320,83
172320,71
172332,102
172471,83
172471,99
172482,83
172482,71
172627,83
172627,83
172627,88
172639,83
172639,71
172650,112
172783,83
172789,83
172801,83
172801,71
172814,127
172950,83
172963,83
172963,71
172975,119
173120,83
173120,83
173120,108
173133,83
173133,71
173145,127
173287,83
173288,74
173300,83
173300,71
173435,83
173435,83
173435,83
173435,83
173435,83
173442,83
173442,83
173442,83
173442,83
173442,83
173442,83
173442,83
173448,83
173454,83
173609,83
173615,83
173622,83
173622,71
173634,127
173776,83
173776,119
173789,83
173789,71
173923,83
173923,83
173924,83
173936,83
173936,83
173936,83
173942,83
173943,83
173943,68
173953,83
173954,71
173966,83
173966,84
174110,83
174117,83
174128,83
174128,71
174141,127
174147,83
174277,83
174277,83
174302,127
174444,83
174444,83
174445,108
174451,83
174457,83
174457,71
174470,127
174607,83
174755,83
174755,83
174762,83
174768,83
174774,83
174780,83
174780,71
174860,80
174939,83
174946,77
174951,83
174952,71
174962,127
175029,75
175104,83
175104,105
175110,72
175116,83
175117,71
175198,69
175269,83
175269,83
175269,66
175275,66
175281,83
175281,71
175293,119
175438,83
175445,83
175457,83
175457,71
175608,83
175621,83
175621,71
175631,127
175770,83
175770,83
175770,105
175781,83
175781,71
175792,127
175932,83
176065,83
176065,83
176065,83
176076,83
176076,83
176082,83
176082,83
176082,83
176082,83
176089,83
176089,83
176095,83
176108,83
176108,83
176108,83
176108,71
176119,119
176266,83
176276,83
176276,71
176289,102
176429,83
176429,127
176455,102
176550,83
176550,83
176550,83
176567,83
176573,83
176573,83
176599,83
176600,83
176600,68
176612,83
176612,71
176625,127
176767,83
176774,83
176784,83
176784,71
176928,83
176928,74
176941,83
176941,71
176951,127
177091,83
177091,83
177091,112
177112,127
177252,83
177262,83
177262,71
177394,83
177394,83
177400,83
177400,83
177400,83
177400,83
177407,83
177413,83
177425,83
177425,71
177436,124
177576,83
177597,127
177734,83
177734,119
177746,83
177746,71
177759,105
177897,83
177897,83
177897,66
177910,83
177910,71
178055,83
178061,83
178081,119
178221,83
178232,83
178232,71
178382,83
178382,83
178382,115
178394,83
178395,71
178405,127
178550,83
178689,83
178689,83
178696,83
178696,83
178696,83
178696,83
178696,83
178702,83
178702,83
178702,83
178702,83
178707,83
178707,83
178714,83
178724,83
178724,71
178878,83
179030,83
179030,119
179040,83
179040,71
179190,83
179191,83
179191,83
179197,83
179197,83
179197,83
179197,83
179197,83
179207,83
179207,71
179217,127
179358,83
179365,83
179375,83
179375,71
179525,83
179535,83
179535,71
179548,86
179689,83
179689,83
179689,124
179701,83
179701,71
179714,127
179859,83
179869,83
179869,71
180001,83
180002,83
180008,83
180008,83
180008,83
180008,83
180014,83
180020,83
180031,83
180031,71
180043,115
180193,83
180193,71
180204,112
180283,100
180344,83
180344,115
180354,83
180354,71
180367,100
180452,100
180511,78
180523,83
180523,71
180536,92
180625,100
180678,83
180685,83
180696,83
180696,71
180707,127
180788,100
180845,68
180857,83
180858,71
180870,100
180870,68
180953,100
180953,74
181012,83
181013,127
181037,124
181037,78
181119,100
181119,83
181179,97
181190,83
181190,71
181190,83
181190,71
181202,100
181202,87
181281,100
181281,93
181323,83
181330,83
181330,83
181330,83
181336,83
181342,83
181342,127
181363,100
181363,83
181363,95
181363,83
181363,127
181363,100
181653,83
181654,105
181674,70
181814,83
181814,83
181814,81
181839,70
181978,83
181984,83
182008,100
182008,100
182008,83
182008,95
182148,83
182161,83
182161,71
182174,70
182174,66
182311,83
182311,83
182311,127
182324,83
182324,71
182336,100
182336,83
182336,83
182336,127
182483,83
182508,70
182633,83
182639,83
182640,83
182640,83
182646,83
182651,83
182651,102
182676,100
182676,100
182676,83
182676,83
182676,95
182676,112
182676,105
182827,83
182984,83
183009,100
183145,83
183145,83
183145,94
183157,83
183157,71
183168,100
183168,127
183303,83
183310,83
183334,100
183475,83
183485,83
183485,71
183496,100
183496,100
183496,90
183638,83
183638,83
183638,124
183651,83
183651,71
183663,100
183663,100
183663,83
183663,83
183663,119
183801,83
183824,100
183824,100
183947,83
183953,83
183953,83
183953,83
183960,83
183965,83
183965,94
183987,100
183987,100
183987,83
183987,95
183987,83
184128,83
184287,83
184288,92
184298,83
184298,71
184311,100
184311,70
184311,127
184456,83
184456,83
184456,79
184468,83
184468,71
184481,70
184481,127
184621,83
184628,83
184651,100
184652,100
184652,83
184652,70
184793,83
184793,66
184816,70
184816,99
184956,83
184956,83
184956,102
184966,83
184966,71
184979,100
184979,100
184979,83
184979,83
184979,70
184979,127
185124,83
185149,100
185149,70
185275,83
185281,83
185281,83
185281,83
185288,83
185293,83
185293,102
185317,100
185317,100
185317,83
185317,95
185317,95
185457,83
185480,100
185614,83
185614,84
185625,83
185625,71
185638,100
185638,127
185775,83
185775,83
185775,108
185785,83
185785,71
185796,100
185796,127
185925,83
185932,83
185955,100
186095,83
186107,83
186107,71
186119,100
186119,100
186119,73
186267,83
186267,83
186267,105
186277,83
186277,71
186288,100
186288,100
186288,83
186288,83
186288,127
186437,83
186461,100
186461,105
186461,73
186585,83
186591,83
186591,83
186591,83
186597,83
186604,83
186604,112
186627,100
186627,83
186627,83
186627,95
186627,112
186770,83
186928,83
186928,78
186938,83
186938,71
186951,100
186951,70
186951,127
187090,83
187090,83
187090,88
187101,83
187101,71
187112,100
187112,70
187112,127
187253,83
187259,83
187280,100
187280,100
187280,83
187280,70
187414,83
187435,70
187435,124
187576,83
187576,83
187576,115
187588,83
187588,71
187601,100
187601,70
187601,100
187601,83
187601,83
187601,99
187754,83
187774,70
187774,112
187902,83
187907,83
187907,83
187907,83
187913,83
187920,83
187920,105
187941,100
187941,83
187941,83
187941,95
187941,127
188090,83
188114,124
188254,83
188255,72
188265,83
188265,71
188276,100
188277,70
188416,83
188416,83
188416,92
188429,83
188429,71
188439,70
188439,127
188463,100
188582,83
188589,83
188609,100
188609,70
188610,83
188749,83
188760,83
188760,71
188770,70
188770,127
188913,83
188913,83
188913,92
188925,83
188925,71
188938,100
188938,70
188938,100
188938,83
188938,95
188938,127
189088,83
189111,70
189237,83
189243,83
189243,83
189243,83
189249,83
189254,83
189254,115
189278,100
189278,83
189278,95
189278,83
189278,83
189278,119
189427,83
189585,83
189595,83
189595,71
189608,100
189608,127
189746,83
189746,83
189746,90
189758,83
189758,71
189769,100
189769,119
189904,83
189910,83
189921,83
189921,71
189933,100
190070,83
190080,83
190080,71
190093,124
190179,100
190238,83
190238,83
190238,119
190250,83
190251,71
190263,119
190410,83
190431,100
190550,83
190555,83
190556,83
190556,83
190562,83
190568,83
190568,90
190588,100
190588,90
190723,83
190748,90
190748,127
190830,100
190889,83
190889,108
190899,83
190899,71
190912,90
191057,83
191057,83
191057,84
191069,83
191070,71
191082,100
191082,90
191082,127
191223,83
191229,83
191229,75
191250,100
191250,90
191386,83
191398,83
191398,71
191411,90
191411,124
191557,83
191557,83
191567,83
191567,71
191580,100
191580,90
191580,124
191725,83
191750,90
191868,83
191874,83
191875,83
191875,83
191881,83
191887,83
191887,112
191908,100
191908,83
191908,95
191908,83
192052,83
192209,92
192219,83
192219,71
192232,70
192232,83
192369,83
192370,83
192370,88
192382,83
192382,71
192393,70
192393,127
192530,83
192536,83
192560,100
192560,83
192560,95
192704,83
192716,83
192716,71
192727,100
192727,70
192727,77
192873,83
192873,83
192873,115
192886,83
192886,71
192896,100
192896,100
192896,83
192896,83
192897,127
193038,83
193061,100
193061,70
193178,83
193184,83
193185,83
193185,83
193191,83
193196,83
193217,100
193217,100
193217,83
193217,83
193217,95
193217,97
193361,83
193518,83
193518,127
193529,83
193529,71
193539,100
193679,83
193679,83
193679,90
193690,83
193690,71
193702,100
193702,127
193830,83
193836,83
193857,100
193997,83
194007,83
194007,71
194020,100
194020,127
194160,83
194160,83
194160,124
194173,83
194173,71
194183,100
194183,83
194183,83
194183,127
194331,83
194355,100
194355,100
194481,83
194487,83
194487,83
194487,83
194494,83
194499,83
194524,100
194524,100
194524,83
194524,95
194524,83
194524,115
194672,83
194829,83
194829,112
194842,83
194842,71
194854,100
194854,70
194990,83
194990,83
195001,83
195001,71
195014,70
195014,124
195149,83
195156,83
195177,100
195177,100
195177,83
195177,70
195325,83
195335,83
195335,71
195348,70
195348,88
195497,83
195497,83
195497,127
195510,83
195510,71
195522,100
195522,100
195522,83
195522,83
195522,70
195522,127
195667,83
195692,100
195692,70
195820,83
195826,83
195826,83
195826,83
195832,83
195839,83
195839,102
195862,100
195862,100
195862,83
195862,95
195862,95
195862,127
196011,83
196011,83
196033,100
196169,83
196169,99
196180,83
196180,71
196192,100
196192,105
196330,83
196330,83
196330,81
196342,83
196342,71
196353,100
196353,119
196484,83
196490,83
196514,100
196648,83
196658,83
196658,71
196670,100
196670,100
196670,105
196817,83
196817,83
196817,105
196828,83
196828,71
196839,100
196839,100
196839,83
196839,83
196839,115
196982,83
197006,100
197129,83
197135,83
197135,83
197135,83
197142,83
197147,83
197147,77
197172,100
197172,83
197172,83
197172,95
197172,127
197319,83
197473,83
197473,115
197483,83
197483,71
197496,100
197496,70
197496,127
197637,83
197637,83
197637,79
197650,83
197650,71
197662,100
197662,70
197662,127
197801,83
197807,83
197827,100
197828,100
197828,83
197828,70
197968,83
197980,83
197981,71
197991,70
198137,83
198137,83
198137,115
198150,83
198150,71
198162,100
198163,70
198163,100
198163,83
198163,83
198163,108
198313,83
198336,70
198454,83
198459,83
198459,83
198459,83
198466,83
198472,83
198472,78
198492,100
198492,83
198492,83
198492,95
198492,112
198644,83
198799,83
198800,102
198810,83
198810,71
198822,100
198822,70
198971,83
198971,83
198971,66
198983,83
198983,71
198994,70
198994,119
199019,100
199133,83
199139,83
199161,100
199161,70
199161,83
199308,83
199321,83
199321,71
199333,70
199333,105
199481,83
199481,83
199481,115
199494,83
199494,71
199505,100
199505,70
199505,100
199505,83
199505,95
199505,115
199652,83
199672,70
199796,83
199802,83
199802,83
199802,83
199808,83
199814,83
199839,100
199839,83
199839,95
199839,83
199839,83
199839,99
199839,99
199980,83
200136,83
200136,90
200147,83
200147,71
200158,100
200158,97
200298,83
200298,83
200311,83
200311,71
200323,100
200323,108
200462,83
200469,83
200469,79
200492,100
200625,83
200648,99
200732,100
200788,83
200788,83
200788,127
200798,83
200799,71
200809,72
200958,83
200971,83
200971,71
200982,100
201110,83
201110,83
201116,83
201122,83
201122,88
201143,100
201143,90
201143,119
201290,83
201301,83
201301,71
201314,90
201394,100
201454,83
201454,97
201466,83
201466,71
201477,90
201477,127
201617,83
201617,83
201617,77
201638,100
201638,90
201780,83
201786,83
201786,84
201811,100
201811,90
201811,90
201952,83
201962,83
201962,71
201975,90
202108,83
202108,83
202108,127
202119,83
202119,71
202129,100
202129,90
202292,90
202419,83
202444,100
202444,83
202444,95
202444,83
202741,83
202741,71
202754,70
202905,70
203065,100
203065,83
203065,95
203223,70
203372,100
203373,83
203373,83
203531,70
203683,100
203683,83
203683,83
203683,95
204301,100
204465,100
204618,100
204618,83
204618,83
204782,100
204937,100
204937,83
204937,95
204937,83
205236,70
205394,70
205552,100
205552,83
205552,70
205715,70
205866,100
205866,83
205866,83
205866,70
206029,70
206180,100
206180,83
206180,95
206180,95
206775,100
206933,100
207086,100
207087,83
207087,83
207249,100
207407,100
207407,83
207407,83
207407,95
207702,70
207859,70
208018,100
208018,83
208018,70
208177,70
208329,70
208329,100
208329,83
208329,83
208492,70
208646,100
208647,83
208647,83
208647,95
208946,70
209104,70
209265,100
209265,70
209265,83
209422,70
209572,70
209572,100
209572,83
209572,95
209733,70
209890,100
209890,83
209890,95
209890,83
209890,83
211070,90
211220,90
211371,90
211521,90
211673,90
211822,90
211979,90
212135,90
