100059,80
100218,73
100375,76
100527,80
100687,73
100845,76
100995,78
101151,71
10128,58
10129,65
101307,73
101456,80
101614,73
101768,78
101919,84
102075,77
102233,82
102386,88
102542,81
102697,85
102848,92
103010,84
103177,89
103345,79
103506,71
10362,76
103662,71
103820,79
104276,79
104438,71
104439,71
104595,71
104757,79
105212,79
105375,71
105530,71
105689,79
10598,97
106149,79
106308,71
106459,71
106618,79
107072,79
107225,84
107379,71
107533,79
107986,94
108141,71
108293,84
10837,88
108447,79
108448,55
108900,71
109059,75
109210,63
109365,71
109822,84
109974,63
110128,63
110280,84
110739,70
11078,94
110899,65
111055,65
111209,70
111358,56
111512,56
111671,62
111823,64
111982,64
112139,70
112293,56
112447,55
112603,61
112753,64
112912,64
112913,72
113068,70
113302,62
113547,61
113786,67
114029,68
114274,68
114515,68
114671,67
114829,67
1149,73
114981,74
115131,56
115283,56
115441,62
11552,72
115593,67
115747,67
115902,70
116049,56
116205,55
116363,68
116597,70
116829,58
117066,68
117308,87
117549,79
117790,84
117791,94
118268,72
118743,72
118886,67
119033,67
119188,72
119632,63
119633,70
119773,67
119919,66
120068,72
12027,64
120521,64
120752,74
120992,72
121227,66
121466,80
12167,67
121699,71
121934,80
122401,68
122543,67
122689,67
122847,72
12314,75
123294,69
123442,67
123595,66
123596,74
123754,80
123983,69
124217,69
124455,67
12466,81
124699,73
124936,69
125178,67
125421,49
125662,64
125895,59
126127,63
126359,60
126595,62
126831,57
1270,67
127066,60
127303,50
127542,64
127772,59
128003,63
128234,60
128471,62
128696,57
128931,60
12912,63
129163,50
129401,54
129631,49
129858,54
130086,50
130306,54
130307,61
13053,75
130533,49
130534,55
130760,54
130985,52
131208,55
131209,55
131437,51
131662,56
131891,53
13201,66
132118,56
132345,53
132565,56
132791,54
133020,62
133242,56
13345,72
133459,61
133684,56
133910,63
134128,57
134347,62
134573,59
134797,64
135020,58
135238,63
135464,61
135681,65
135682,73
135909,61
136133,64
136361,70
136362,68
136591,82
136592,79
137066,71
137207,77
137354,77
137511,83
137948,69
137949,77
13795,72
138089,77
138238,76
138389,82
138839,71
139056,73
139057,82
139287,78
139508,76
139737,78
139963,72
140193,90
14027,66
140661,74
140662,74
140806,84
140948,84
141104,91
141556,75
141701,84
141857,83
142015,83
142249,77
142483,81
14262,72
142717,76
142957,84
142958,84
143197,80
143441,77
143914,82
144388,71
144534,77
144686,77
144843,83
14495,66
145284,69
145431,77
145580,76
145732,82
146185,71
146408,73
146634,78
146854,76
146855,85
147080,78
147307,72
14734,72
147536,82
147764,60
147993,64
148215,73
148442,78
148666,76
148895,78
149121,72
149351,82
149352,96
149585,60
14964,71
149819,64
149820,72
150043,69
150268,74
150490,72
150718,74
150939,68
151167,73
151391,74
151619,71
151841,72
151842,64
15196,80
152067,69
152289,66
152517,69
152738,65
152969,73
153193,74
153416,71
153635,72
153861,65
154084,62
154085,70
154317,65
154542,61
154766,65
155243,56
155397,61
155547,61
155706,62
156157,55
156307,61
156458,60
156604,61
15662,68
157065,56
157289,58
157519,62
157741,60
157967,62
15805,75
158189,57
158419,62
158874,58
159025,67
159173,67
159328,68
15952,67
159774,57
159921,67
160067,66
160215,67
160667,58
160888,72
16107,72
161116,78
161117,85
161337,75
161561,78
161562,85
161791,71
162019,78
162480,74
162481,58
162635,74
162787,75
162938,77
163396,74
163549,74
163698,75
163848,77
164337,71
164916,79
16552,69
16694,75
16852,66
17007,72
17240,69
17468,69
17706,75
17707,60
17947,82
18181,69
18425,67
18665,55
18905,64
19136,66
19372,71
19602,67
19835,62
20069,57
20308,60
20309,67
20542,50
20777,64
21006,66
2110,71
21239,63
21471,60
21707,62
21935,64
22167,67
22168,67
2233,70
22400,50
22632,54
22861,49
23087,60
23312,50
23535,54
23763,55
23989,54
24213,52
24214,58
24437,62
24661,51
24884,56
25113,59
25342,56
25567,59
25791,56
26022,54
26250,69
26475,56
26696,61
26921,63
27151,63
27372,57
27589,69
27818,66
28042,72
28262,58
28482,63
28704,68
28925,65
29146,61
29366,72
29592,70
29821,82
30294,71
30440,77
30587,77
306,67
3073,66
30744,93
31186,69
31333,77
31483,76
31633,82
3196,78
32085,71
32305,73
32536,78
32762,76
32996,78
33221,72
33454,101
33455,74
33917,74
34062,94
34211,94
34363,102
34808,75
34958,94
35109,93
35264,93
35495,86
35728,91
35962,85
35963,85
36200,84
36201,94
36445,80
36683,94
37158,82
37633,79
37778,77
37925,77
38076,93
38515,69
38659,86
38803,85
38945,92
39398,71
39616,82
39843,87
40071,85
40301,87
4036,67
40530,81
40762,87
40988,60
41213,72
41431,82
4160,70
41657,87
41882,85
42108,87
42109,78
42333,81
42562,96
42793,67
43028,64
43252,77
43480,74
43703,72
43933,74
44151,68
44152,65
44379,73
44605,74
44831,71
45053,72
45279,77
45280,71
45503,74
45733,77
45955,73
46186,81
4632,78
46410,74
46637,79
46859,64
47083,73
47303,70
47531,73
4775,56
47756,69
47984,65
48462,63
48613,61
48755,61
48907,62
4922,63
49354,55
49503,61
49648,68
49794,61
50250,56
50471,58
50706,62
5077,62
50931,60
51163,62
51386,57
51387,64
51620,62
52076,58
52221,67
52370,67
52523,77
52969,57
53116,74
53260,74
53407,75
53864,58
54086,74
54319,78
54543,77
54769,78
54993,65
55220,71
55221,71
5526,70
55675,76
55827,68
55977,69
56130,78
56585,68
5667,56
56734,68
56885,77
57031,78
57477,76
57631,68
57788,69
57946,78
5813,62
58396,55
58554,55
58722,51
58879,55
59308,31
5960,61
59762,55
60214,55
60368,55
60530,51
60695,55
61132,34
61475,55
61596,55
62047,55
62207,55
62370,51
62533,55
62966,39
63420,55
63869,39
64020,55
6412,70
64184,51
64347,55
64778,39
65123,55
65242,55
65692,39
65852,55
66018,51
66185,55
6641,62
66631,31
67087,55
67537,55
67690,55
67856,51
68021,55
68454,30
68798,55
6888,61
68917,55
69363,55
69519,55
69684,51
69844,55
70290,39
70745,55
71196,39
7129,75
71349,55
71512,51
71674,55
72125,39
72126,29
72469,55
72585,55
73032,42
73192,59
73353,57
73513,62
7373,68
73950,46
74402,64
74403,44
74855,68
75008,52
75163,52
75320,60
75469,53
75621,53
75777,60
75932,55
76090,55
7612,76
76245,54
76697,61
76852,61
77015,59
77172,65
77607,48
78056,69
78508,70
7852,61
78660,56
78809,56
78961,70
79112,57
79267,57
79419,59
79570,59
79723,59
79880,56
80335,59
80336,37
80493,57
80643,57
80800,60
80956,57
81109,57
81263,60
81417,56
81574,56
81732,60
81885,57
82036,57
82187,61
82341,59
82498,59
82653,60
82809,58
82963,58
83113,59
8317,83
83266,57
83424,57
83578,60
83736,57
83893,58
84052,70
84211,67
84370,66
84527,72
8461,63
84682,71
84840,66
84997,71
84998,68
85156,65
85313,67
85469,71
85632,67
85792,67
85953,73
8607,56
86117,70
86276,70
86432,72
86588,71
86744,66
86898,71
87060,65
87216,67
87371,71
87541,67
8763,62
87700,67
87859,59
88014,57
88169,57
88323,60
88482,57
88638,57
88791,60
88947,56
89098,56
89252,60
89407,57
89563,57
89717,61
89867,59
90021,59
90170,60
90327,58
90483,58
90639,59
90794,57
90953,57
91111,60
91264,57
91422,58
91575,70
91737,67
91893,66
92048,72
9210,70
92201,71
92358,66
92515,71
92516,68
92674,65
92831,67
92988,71
93153,67
93313,67
93469,73
9353,63
93632,70
93793,70
93953,72
94106,71
94263,66
94421,71
94580,65
94733,67
94889,71
95054,67
9507,55
95214,67
95373,60
95532,56
95692,56
95847,62
96006,59
96166,58
96320,64
96484,59
96639,62
9667,68
96800,67
96965,62
97127,63
97279,69
97280,56
97443,65
97599,67
97751,71
97908,67
98064,66
98215,72
98368,68
98524,68
98676,76
98832,69
98988,72
9901,70
99139,78
99298,71
99451,73
99602,80
99759,73
99910,76
