274,55
698,52
908,48
1137,55
1137,36
1137,30
1137,37
1137,44
1566,45
1996,55
1996,42
2424,52
2854,52
2854,62
2854,53
3274,56
3274,66
3275,55
3716,46
3716,49
3716,59
3716,40
3716,45
4576,57
4576,49
4576,39
5435,69
5852,68
6060,66
6284,66
6285,55
6285,46
6285,36
6285,53
6285,43
6713,59
7153,42
7153,35
7153,57
7153,30
7153,42
7153,36
8014,58
8452,55
8664,51
8889,46
8889,50
8889,41
8889,35
9318,45
9767,40
9767,28
9767,34
10200,42
10685,55
11114,54
11322,50
11549,55
11549,37
11549,37
11549,44
11549,44
11977,45
12406,55
12406,42
12843,55
13270,52
13270,62
13270,53
13693,57
13693,67
13693,56
14136,45
14137,49
14137,61
14137,42
14137,43
14991,63
14991,54
14991,43
15849,75
16267,72
16469,68
16694,53
16694,73
16694,50
17120,59
17553,62
17553,43
17553,43
17554,59
17988,54
18437,58
18437,58
18438,76
18438,61
18858,75
19065,70
19293,53
19293,73
19293,50
19721,58
20168,62
20169,43
20169,43
20169,59
20605,54
21060,77
21060,59
21060,59
21060,58
21481,75
21691,71
21930,75
22368,64
22801,68
23236,62
23687,55
23687,44
23687,44
23687,62
24127,58
24345,50
24582,44
24582,58
24582,52
24582,50
25031,56
25511,39
25511,45
25511,52
25511,44
26000,50
26544,54
26544,50
26770,45
26989,50
26989,46
27208,47
27208,47
27436,43
27436,51
27436,50
27436,36
27654,45
27871,40
27871,47
28331,39
28331,46
28759,35
29211,41
29211,50
29212,44
29212,37
29653,31
29653,39
29653,31
30100,41
30101,50
30101,44
30546,38
30546,30
30546,34
30999,37
30999,42
30999,38
30999,33
31453,36
31922,54
31922,50
32138,45
32360,50
32360,46
32578,47
32578,47
32810,43
32810,51
32811,50
32811,36
33033,45
33248,40
33248,46
33707,39
33707,46
34141,34
34591,41
34591,50
34591,44
34591,37
35038,31
35038,39
35038,31
35486,41
35487,50
35487,44
35929,38
35929,30
35929,34
36386,37
36386,42
36386,38
36386,33
36849,36
37306,46
37306,56
37306,50
37306,41
37725,42
37725,50
37725,42
38161,56
38161,46
38161,51
38581,41
38581,50
38581,46
39017,42
39017,51
39017,44
39017,34
39459,41
39897,51
39897,59
39897,53
39897,45
40307,46
40307,56
40307,46
40741,62
40741,53
40741,57
41147,47
41148,57
41148,51
41577,52
41577,44
41577,37
41577,46
41577,38
42009,30
42009,38
42009,26
42009,32
42440,59
42440,55
42440,44
42440,55
42639,47
42843,44
42843,44
42843,59
42843,40
43263,56
43263,59
43263,58
43472,49
43677,44
43677,45
43677,59
43677,44
44110,41
44110,49
44110,59
44110,36
44110,45
44537,33
44537,42
44537,32
44537,21
44962,67
44962,56
44962,46
44962,56
45376,63
45376,49
45376,49
45376,46
45802,59
45802,71
45802,55
45802,47
46212,52
46212,64
46212,54
46640,71
46640,59
46640,55
46640,47
47045,52
47045,64
47045,54
47469,59
47469,71
47470,51
47470,42
47888,52
47888,64
47888,54
48306,65
48306,63
48306,58
48504,52
48708,42
48708,55
48708,42
48708,29
48708,39
49142,57
49142,69
49142,46
49142,41
49568,52
49568,63
49568,49
50018,58
50018,55
50019,57
50222,52
50427,33
50427,42
50427,33
50427,31
50427,26
50854,56
50854,56
50854,55
51057,48
51261,30
51261,30
51261,41
51261,24
51261,30
51721,34
51721,41
51721,48
51722,37
52197,36
52197,28
52706,54
53149,51
53364,47
53596,36
53596,36
53596,55
53596,44
53596,44
54029,44
54455,55
54455,42
54887,56
55318,52
55318,62
55318,53
55738,66
55738,56
55739,55
56177,59
56177,49
56177,49
56178,40
56178,45
57037,49
57037,57
57037,39
57893,69
58320,68
58530,66
58778,55
58778,46
58778,66
58778,43
58778,53
58778,36
59210,59
59650,57
59650,46
59650,46
59650,36
59650,36
59650,42
60504,57
60938,52
61148,46
61371,49
61371,54
61371,37
61372,45
61798,44
62247,40
62247,34
62247,28
62717,42
63201,55
63631,54
63840,47
64068,36
64068,36
64068,55
64068,44
64068,44
64503,45
64932,55
64932,42
65365,55
65796,52
65796,62
65796,53
66222,67
66222,57
66222,56
66669,61
66669,51
66669,47
66669,43
66669,45
67522,54
67522,63
67522,43
68374,72
68791,70
69002,66
69227,74
69227,50
69227,46
69653,60
70089,47
70089,47
70089,66
70089,57
70523,52
70969,60
70969,60
70969,78
70969,58
71393,70
71608,64
71839,50
71839,74
71839,48
72264,62
72711,66
72711,47
72711,47
72711,57
73142,52
73679,48
73679,48
73679,61
73679,40
73679,40
73679,48
74681,52
75161,44
75660,50
76149,42
76855,31
77034,30
77190,38
77347,34
77499,36
77655,39
77816,34
77966,34
78116,38
78267,34
78415,34
78562,38
78700,34
78835,34
78976,40
79471,48
79471,48
79471,61
79471,40
79471,40
79471,48
80431,55
80898,46
81406,50
81891,41
82608,31
82788,30
82946,38
83104,34
83264,36
83423,39
83582,34
83740,34
83899,38
84055,34
84205,34
84361,37
84507,34
84656,33
84796,40
85278,48
85278,48
85278,61
85278,40
85278,40
85279,48
86262,53
86736,45
87258,51
87742,44
88438,31
88609,30
88762,38
88916,34
89072,36
89224,39
89379,34
89536,34
89701,38
89856,34
90013,34
90161,38
90300,34
90438,34
90591,40
91097,48
91097,48
91097,61
91097,40
91097,40
91097,48
92086,57
92564,52
93087,57
93576,51
94601,58
95097,45
95097,59
95097,65
95097,34
95097,37
95097,46
95573,60
96090,69
96577,69
97102,72
97282,57
97456,57
97626,62
97802,57
97980,57
98139,74
98306,58
98462,58
98623,62
98793,55
98957,55
99119,74
99289,59
99449,59
99609,62
99775,57
99939,57
100095,74
100256,59
100413,59
100579,62
100743,57
100911,57
101080,66
101556,58
102022,41
102022,41
102022,58
102022,34
102022,34
102513,42
103051,71
103227,57
103400,57
103568,62
103733,57
103888,57
104047,73
104209,58
104369,58
104527,62
104687,55
104840,55
104987,75
105150,59
105308,59
105470,62
105622,57
105772,57
105960,76
106124,57
106283,57
106439,62
106595,57
106757,57
106912,74
107076,58
107235,58
107388,62
107542,55
107692,55
107844,75
108006,59
108162,59
108320,62
108481,57
108636,57
108796,71
108958,57
109113,57
109269,58
109433,55
109595,55
109757,68
110208,64
110662,45
110662,58
110662,58
110662,39
110662,46
110662,46
111124,47
111609,71
111768,57
111925,57
112085,58
112243,55
112398,55
112547,68
113025,58
113242,46
113313,46
113392,46
113463,64
113538,64
113614,69
113905,63
114217,63
114557,71
114717,57
114876,57
115031,58
115193,55
115344,55
115505,69
115970,64
116462,51
116462,57
116462,65
116462,39
116462,39
116462,47
116919,49
117413,73
117573,57
117731,57
117890,58
118047,55
118205,55
118363,70
118830,58
119056,53
119132,58
119212,52
119287,58
119363,52
119443,69
119759,63
120264,63
120457,79
120625,57
120793,57
120959,58
121126,55
121292,55
121462,73
121637,64
121809,53
121985,53
122162,52
122342,46
122547,52
123784,48
123784,48
123784,61
123784,40
123784,40
123784,48
124782,53
125259,45
125757,52
126242,40
126965,31
127150,30
127302,38
127457,34
127614,36
127768,39
127918,34
128070,34
128222,38
128371,34
128520,34
128662,38
128798,34
128935,34
129079,40
129573,48
129573,48
129574,61
129574,40
129574,40
129574,48
130531,53
130994,44
131504,51
131987,42
132701,31
132875,30
133032,38
133189,34
133346,36
133502,39
133653,34
133804,34
133952,38
134102,34
134252,34
134403,37
134554,34
134697,33
134837,40
135326,48
135326,48
135326,61
135326,40
135326,40
135326,48
136308,56
136785,45
137307,50
137792,44
138554,31
138738,30
138895,38
139048,34
139201,36
139357,39
139512,34
139663,34
139818,38
139972,34
140118,34
140260,38
140399,34
140536,34
140687,40
141188,64
142182,35
142182,42
142182,57
142182,30
142182,36
142182,42
142658,48
143176,53
143662,51
144690,58
145187,37
145187,44
145187,29
145187,29
145187,38
145670,65
146187,67
146676,71
147204,73
147378,57
147551,57
147722,62
147899,57
148067,57
148225,73
148390,58
148549,58
148709,62
148876,55
149042,55
149201,74
149360,59
149524,59
149684,62
149850,57
150003,57
150163,71
150312,59
150458,59
150603,62
150764,57
150931,57
151110,70
151575,64
152049,37
152049,43
152049,69
152049,37
152049,37
152049,37
152526,54
153020,71
153186,57
153347,57
153504,62
153660,57
153810,57
153963,74
154121,58
154273,58
154426,62
154575,55
154727,55
154884,75
155041,59
155199,59
155353,62
155510,57
155664,57
155817,71
155970,59
156125,59
156277,62
156438,57
156597,57
156763,68
157202,57
157658,37
157658,43
157658,69
157658,37
157658,37
157659,37
158112,54
158606,74
158768,57
158926,57
159081,62
159236,57
159394,57
159551,74
159715,58
159871,58
160026,62
160189,55
160342,55
160501,75
160656,59
160807,59
160967,62
161124,57
161281,57
161451,73
161626,57
161782,57
161948,62
162110,57
162266,57
162428,74
162593,58
162752,58
162908,62
163065,55
163221,55
163381,75
163548,59
163715,59
163873,62
164048,57
164216,57
164386,76
164550,59
164711,59
164874,62
165026,68
165195,64
165378,71
165621,62
165872,65
166127,57
166383,62
166639,63
167157,59
167985,62
169208,46
170098,42
171282,38
175523,50
175965,49
176181,46
176411,34
176412,41
176412,51
176412,39
176412,50
176843,46
177268,55
177268,48
177702,54
178137,52
178137,62
178137,53
178559,56
178559,66
178559,55
179003,47
179003,50
179003,61
179003,45
179003,43
179861,49
179861,57
179861,39
180722,69
181151,68
181360,66
181593,46
181593,55
181593,66
181593,36
181593,43
181593,53
182021,59
182464,42
182464,42
182464,57
182464,36
182464,36
182464,42
183358,56
183802,52
184013,48
184246,46
184246,52
184246,32
184246,47
184671,48
185121,36
185121,28
185121,34
185557,38
186005,55
186434,50
186643,46
186872,34
186872,41
186872,55
186872,42
186872,50
187305,48
187731,62
187731,48
188164,55
188592,52
188592,62
188592,53
189016,57
189016,67
189016,56
189459,48
189459,54
189459,61
189459,45
189459,45
190314,54
190314,63
190314,43
191172,75
191590,70
191800,67
192027,50
192027,74
192027,50
192450,64
192883,43
192883,43
192883,62
192883,59
193312,54
193762,62
193762,62
193762,81
193762,61
194183,75
194397,71
194628,50
194628,73
194628,50
195055,63
195502,43
195502,43
195502,62
195502,59
195935,54
196392,59
196392,59
196392,77
196393,58
196813,69
197022,64
197265,74
197706,62
198141,66
198573,63
199026,44
199026,44
199026,55
199027,62
199465,58
199685,52
199918,44
199918,55
199918,58
199918,46
200367,48
200831,50
200831,50
200831,46
200831,58
201307,56
201803,54
201803,50
202027,45
202247,50
202247,46
202468,47
202468,47
202703,43
202703,51
202703,36
202703,50
202920,45
203137,36
203137,47
203598,39
203598,46
204019,35
204472,41
204472,50
204472,37
204472,44
204978,31
204978,39
204978,31
205425,41
205425,50
205426,44
205862,30
205863,38
205863,34
206317,37
206318,42
206318,33
206318,38
206776,36
207248,54
207249,50
207465,45
207684,50
207684,46
207902,47
207902,47
208134,43
208134,51
208134,36
208134,50
208351,45
208566,39
208566,46
209024,39
209024,46
209457,34
209910,41
209910,50
209910,37
209910,44
210357,31
210357,39
210357,31
210806,41
210806,50
210806,44
211245,30
211245,38
211245,34
211702,37
211702,42
211703,33
211703,38
212166,36
212625,46
212625,56
212625,41
212625,50
213045,39
213045,46
213045,39
213482,46
213482,56
213482,51
213900,38
213900,46
213900,42
214338,42
214338,51
214338,38
214339,44
214777,41
215218,51
215218,59
215218,45
215218,53
215622,46
215622,56
215622,46
216061,53
216061,62
216061,57
216470,47
216470,57
216470,51
216897,37
216897,44
216897,52
216897,38
216897,46
217338,30
217338,38
217338,26
217338,32
217765,55
217765,60
217765,44
217765,55
217962,47
218161,44
218161,44
218161,59
218161,40
218583,55
218583,60
218583,58
218792,49
219001,45
219001,44
219001,59
219001,44
219437,41
219437,49
219437,59
219437,36
219437,45
219868,33
219868,42
219868,21
219868,32
220296,56
220296,67
220296,46
220296,56
220706,46
220706,46
220706,59
220706,43
221134,59
221134,71
221134,47
221134,55
221548,52
221548,64
221548,54
221974,59
221974,71
221974,47
221974,55
222381,52
222381,64
222381,54
222805,59
222805,71
222805,47
222805,55
223216,52
223216,64
223216,54
223643,64
223643,63
223643,58
223843,46
224051,35
224051,55
224051,42
224051,24
224051,39
224481,57
224481,69
224481,46
224481,41
224911,48
224911,58
224911,45
225361,57
225361,58
225361,57
225564,45
225765,33
225765,42
225765,33
225765,26
225765,31
226194,54
226194,56
226194,55
226400,41
226607,30
226607,41
226607,30
226607,24
226607,30
227068,28
227068,41
227068,48
227068,31
227544,36
227544,28
228057,55
228499,51
228712,46
228943,30
228943,36
228943,55
228943,37
228943,44
229374,48
229801,55
229801,42
230237,58
230666,52
230666,62
230666,53
231080,56
231080,66
231080,55
231525,45
231526,49
231526,59
231526,45
231526,40
232383,49
232383,57
232383,39
233249,69
233677,68
233886,66
234136,46
234136,55
234136,67
234136,36
234136,43
234136,53
234566,63
235006,41
235006,49
235007,59
235007,32
235007,38
235007,46
235872,58
236301,55
236509,48
236729,49
236729,55
236729,41
236729,50
237155,44
237595,40
237596,31
237596,39
238032,42
238499,55
238929,54
239134,47
239368,30
239368,36
239368,55
239368,37
239368,44
239802,51
240232,55
240232,42
240661,56
241090,52
241090,62
241090,53
241514,57
241514,67
241514,56
241958,48
241959,51
241959,61
241959,51
241959,43
242815,54
242815,63
242815,43
243670,72
244097,71
244307,69
244538,54
244538,54
244538,69
244538,36
244538,43
244538,51
244967,62
245407,43
245407,51
245407,62
245407,33
245407,39
245407,48
246269,75
246699,73
246908,69
247138,47
247138,56
247138,71
247138,37
247138,44
247138,54
247566,66
248007,45
248007,54
248007,65
248007,34
248007,40
248008,50
248863,73
249277,68
249484,64
249713,71
250153,62
250589,65
251016,59
251466,63
251466,56
251467,64
251902,63
251902,61
252120,58
252346,61
252787,69
252787,58
253245,52
253245,61
253696,52
253696,52
253696,52
253696,56
254153,60
254153,60
254153,60
254153,50
254576,52
254793,45
255017,52
255453,36
255453,36
255453,42
255453,45
255913,42
255913,48
256370,45
256827,41
256827,41
256827,38
257253,42
257467,38
257695,42
258135,29
258135,29
258135,36
258135,38
258593,36
258593,40
259041,38
259497,40
259497,41
259498,38
259923,52
260140,45
260368,52
260803,36
260803,36
260803,45
261029,39
261258,48
261708,39
261708,39
261709,39
261709,42
261939,39
262167,48
262621,36
262621,36
262621,42
263061,33
263061,39
263061,46
263968,42
264420,41
264420,41
264875,31
265048,31
265215,30
265381,38
265548,34
265714,36
265876,39
266040,34
266206,34
266362,38
266522,34
266675,34
266830,45
267794,34
267795,33
267795,31
268714,44
269168,41
269637,44
270091,40
270603,31
270776,31
270937,30
271098,38
271262,34
271421,36
271585,39
271755,34
271922,34
272087,38
272251,34
272412,34
272572,49
273552,34
273552,33
273552,31
274479,44
274931,41
275409,44
275872,40
276516,28
276677,27
276842,33
277007,30
277170,31
277335,34
277501,30
277666,30
277831,33
277988,30
278156,30
278320,33
278485,30
278656,30
278824,36
279367,29
279367,29
279367,25
279367,25
280495,29
280495,29
280495,26
280495,26
281627,29
281627,29
281627,26
281628,26
282815,28
282815,28
282815,25
282815,25
