10008,43
100419,89
100895,85
101361,79
101710,64
101827,70
102302,79
10232,54
102651,64
102770,70
103251,39
103492,44
103719,44
103720,49
103961,40
104199,41
104434,38
10453,38
104677,33
105145,39
105385,44
105617,44
105864,40
106103,41
106339,38
106581,33
10677,53
107091,91
107560,86
108024,89
108495,85
108963,79
10900,45
109308,64
109427,70
109907,79
110253,64
110373,70
110857,39
111091,44
11126,46
111322,44
111565,40
111804,41
112040,38
112282,33
11232,47
112761,39
113002,44
113232,44
11339,42
113470,40
113709,41
113945,38
114185,33
11453,48
114677,39
114797,49
114912,53
115025,49
115137,50
115375,35
115376,35
115611,39
11566,53
115728,49
115844,53
115958,49
116074,50
116310,35
116548,39
116664,49
116784,53
116894,49
117010,50
117248,35
117479,39
117599,49
117717,53
117832,49
117946,50
11797,48
118185,35
118420,56
118543,46
118659,52
118775,48
118898,56
119020,46
119140,53
119257,48
119374,56
119494,46
119611,52
119727,48
119843,56
119964,46
120085,53
120201,48
12023,52
120319,56
120442,46
120560,52
120677,48
120795,56
120917,46
121036,53
121151,48
121272,56
12134,53
121393,46
1215,88
121511,52
1216,64
121630,48
121748,56
121866,46
121983,53
122098,48
122215,70
122337,48
12243,46
122462,55
122582,50
122705,64
122820,48
122934,62
122935,56
123055,50
123180,64
123300,48
123419,48
12354,53
123542,50
123663,58
123779,48
123900,55
124020,50
124139,64
124264,48
124385,55
124504,50
124621,59
12468,58
124740,48
124854,57
124975,50
125098,59
125218,48
125337,48
125460,50
125585,59
125703,48
125819,56
125940,50
126064,59
126183,48
126299,48
126420,51
126542,61
126660,49
126778,58
126894,52
12691,53
127012,63
127128,51
127245,51
127362,55
127483,66
127601,53
127720,62
127843,57
127963,68
128080,57
128198,63
128315,57
128436,69
128551,61
128667,66
128789,59
128917,71
129033,61
129152,66
12919,58
12920,54
129271,59
129387,72
129501,63
129619,69
129739,64
129860,74
129969,63
130086,71
130203,63
130316,75
130429,64
130547,72
130664,64
130787,78
130896,67
131013,74
131129,67
131245,79
131361,71
13144,44
131488,77
131607,72
132368,79
132596,74
132831,84
133067,69
133068,53
133297,88
133531,74
13370,59
133758,84
133990,74
134214,72
134329,62
134443,69
134552,63
134672,72
134890,68
135111,66
135233,61
135349,69
135464,61
135577,64
135796,68
13592,52
136036,88
136270,74
136503,84
136744,70
136978,88
137206,74
137429,84
137664,71
137890,77
137891,63
138007,72
138120,77
13813,65
13816,57
138237,71
138350,80
138573,72
138795,80
138910,81
139027,83
139140,85
139252,86
139253,71
139706,41
139816,42
139921,37
140037,42
140153,47
14038,46
140380,42
140608,44
140719,46
140829,40
140945,46
141059,52
141289,47
141517,49
141741,38
141967,50
141968,47
142194,43
142419,54
14260,62
14261,56
142646,38
142870,53
143098,45
143099,40
143322,46
143435,47
143543,42
143657,48
143773,53
143997,48
144224,52
144336,53
144442,46
144558,53
144672,58
1447,75
1448,61
14487,55
144900,53
145121,58
145345,44
145567,59
145793,52
146013,65
146235,46
146458,62
146681,55
146682,48
146904,66
14710,66
147128,50
147353,66
147576,57
147797,70
148021,50
148243,67
148469,59
148690,71
148904,57
148905,57
149125,74
14932,50
149344,64
149564,76
149787,58
150015,75
150239,67
150459,82
150680,60
150681,69
150902,78
151129,72
151130,60
151351,83
151569,61
15159,66
151791,79
152019,70
152239,86
152351,73
152457,80
152566,71
152677,77
152788,71
152897,74
153004,71
153120,74
153232,67
153344,72
153465,64
153583,75
153699,60
15376,57
153811,67
153930,61
154047,74
154158,63
154275,70
154384,60
154497,75
154612,62
154726,67
154844,61
154962,74
155076,64
155194,70
155309,64
155428,75
155538,59
155655,64
155772,55
155882,63
15594,70
156107,62
156331,63
156439,56
156547,59
156658,53
156774,61
156996,59
157221,63
157435,58
157667,56
158105,56
15815,50
158548,59
158994,55
159435,49
159658,44
159883,49
159992,42
160100,49
160212,41
160328,49
16039,67
160545,42
160767,49
160986,45
161205,49
161647,42
162092,48
162534,44
16262,59
162995,41
163435,35
163878,39
164315,36
16481,71
165621,97
165844,88
166066,96
166182,83
166294,88
166413,79
166527,101
166768,93
167018,99
167019,99
16702,57
1673,84
16924,74
17138,64
17357,76
17579,58
17808,75
18027,67
18028,56
18250,82
18251,72
18469,60
18686,78
18910,72
1903,70
1904,53
19135,83
19353,61
19571,79
19798,70
20022,86
20133,74
20246,80
20356,72
20466,77
20580,71
20691,74
20805,68
20916,74
21025,63
21141,70
21253,64
2130,72
21364,75
21482,62
21596,66
21716,58
21833,75
22055,69
22275,72
22386,62
2241,67
22498,68
22610,60
22723,73
22943,80
23173,86
2347,71
23629,78
23743,71
23854,73
23969,68
24083,75
24300,66
24527,77
2458,67
24638,60
24751,69
24868,58
24985,77
25211,69
25438,71
25553,52
25668,59
2573,72
25785,55
25897,66
26016,59
26132,62
26248,59
26363,73
26484,60
26596,66
26712,59
26825,70
26940,53
27053,58
27169,52
27282,73
27396,67
27509,70
27618,63
277,79
27732,75
2787,68
27949,66
28168,77
28284,58
28400,69
28516,58
28632,77
28861,69
29087,71
29206,52
29316,59
29431,55
29548,66
29664,59
29778,62
29895,59
30012,73
3007,73
30132,60
30243,66
30357,59
30470,70
30592,53
30701,58
30815,52
30929,59
31043,53
31158,48
3126,66
31276,50
31393,57
31620,52
31849,60
32076,51
32301,57
3245,69
32529,44
32763,64
32876,58
32990,60
33107,55
33224,62
33445,63
3360,67
33672,72
33896,60
34123,62
34349,56
34350,44
34580,59
34694,53
3470,64
3471,72
34812,48
34920,50
35041,57
35263,52
35484,60
35708,51
35931,57
36159,44
36388,64
36499,58
36615,60
36731,55
36848,62
3685,68
3686,66
37074,63
37301,72
37526,60
37749,62
37978,56
38207,83
38323,74
38439,80
38554,73
38672,85
38903,70
39140,84
3930,88
3931,74
39366,78
39592,85
39593,72
39820,77
40042,83
40159,77
40276,80
40393,75
40510,85
40735,70
40975,84
41195,78
41417,85
4163,75
41643,77
4166,62
41868,83
41990,74
42111,80
42226,75
42348,85
42349,75
42576,71
42809,84
43034,78
43257,85
43482,77
43707,83
43831,75
43945,80
4396,84
4397,75
44062,75
44182,85
44414,71
44649,84
44872,78
45096,85
45323,77
45545,84
45769,78
45991,85
46218,77
4630,73
4631,59
46443,84
46667,78
46891,85
47123,77
47348,84
47349,71
47579,78
47806,85
48033,77
48254,84
48482,78
4861,88
48706,85
48932,77
49155,68
49268,59
49384,62
49499,57
49616,69
49725,61
49842,66
49952,60
50069,71
50181,63
50297,69
50413,63
50527,72
50637,64
50749,70
50862,64
5087,75
50983,73
51091,62
511,74
51203,70
51316,61
51432,74
51545,64
51657,74
51770,69
51888,74
52002,66
52119,73
52237,64
52349,77
52463,67
52583,75
52708,67
5306,84
53470,88
53707,72
53941,75
54172,70
54397,79
54623,74
54850,75
55083,70
55307,72
5533,72
55418,67
55533,70
55649,66
55768,72
55986,68
56203,66
56317,60
56432,69
56544,60
56660,64
56884,68
57121,88
57122,79
57356,73
5754,77
57582,84
57817,70
58046,88
58275,73
58494,84
5867,73
58721,69
58942,77
58943,63
59056,71
59167,77
59280,70
59394,80
59611,72
5981,78
59831,80
59832,80
59946,81
60062,83
60174,85
60287,86
60742,41
60850,42
6092,73
60956,37
61072,42
61183,47
61408,42
61634,44
61747,46
61857,40
61968,46
6207,80
62084,52
62308,47
62309,41
62531,49
62757,38
62981,50
62982,47
63208,43
63430,54
63654,38
63874,53
64099,45
6427,72
64323,46
64433,47
64541,42
64654,48
64770,53
64996,48
65217,52
65327,53
65432,46
65544,53
65657,58
65658,54
65879,53
66102,58
66330,44
6648,80
66552,59
66780,52
67005,65
67224,46
67448,62
6758,81
67676,55
67899,66
68123,50
68350,66
68572,57
6872,83
68793,70
69015,50
69238,67
69464,59
69687,71
6987,85
69912,57
70132,74
70351,64
70569,76
70790,58
7094,86
71012,75
71231,67
71450,82
71671,60
71893,78
72117,72
72334,83
72553,61
72775,79
72997,70
72998,60
73218,86
73332,74
73446,78
73557,75
73666,77
73780,71
73889,75
74000,67
74114,74
74226,64
74342,71
744,84
74455,64
74569,75
74570,71
74685,62
74800,68
74917,61
75035,75
75254,69
7545,41
75476,72
75477,72
75588,66
75695,73
75806,64
75918,73
76138,80
76139,71
76373,86
7655,42
76888,91
77362,79
7762,37
77827,89
78295,81
78757,79
78758,63
7878,42
79105,64
79221,70
79707,67
7989,47
80183,53
80653,35
80886,39
81118,44
81360,40
81595,41
81831,38
82072,33
8215,42
82556,38
82803,37
83034,40
83275,35
83509,38
83743,35
83987,28
8436,44
84462,40
84695,49
84929,52
84930,52
85163,49
85395,47
8546,46
85631,58
85865,61
86104,58
86333,56
8652,40
86564,66
86792,74
87026,68
87252,62
87486,80
8766,46
87718,84
87951,80
88194,91
88665,83
8878,52
89127,89
89603,79
90067,79
90412,64
90530,70
91019,67
9103,47
9104,41
91491,53
91964,35
92201,39
92433,44
92677,40
92916,41
93151,38
9326,49
9327,45
93394,33
93872,38
94115,37
94347,40
94590,35
94824,38
95058,35
95299,28
9553,38
95777,40
96015,48
96247,50
96478,48
96708,47
96940,56
97172,59
97173,48
97408,57
97633,56
9780,50
97864,64
98095,69
98325,66
984,69
98550,62
98775,71
99002,78
99003,78
99237,72
99479,89
99955,89
